0.000	Inf
0.024	Inf
0.025	Inf
0.025	Inf
0.025	Inf
0.025	Inf
0.025	Inf
0.025	Inf
0.026	Inf
0.026	Inf
0.026	Inf
0.026	Inf
0.026	Inf
0.026	Inf
0.026	Inf
0.026	Inf
0.026	Inf
0.026	Inf
0.026	Inf
0.026	Inf
0.026	Inf
0.026	Inf
0.026	Inf
0.026	Inf
0.027	Inf
0.027	Inf
0.027	Inf
0.027	Inf
0.027	Inf
0.027	Inf
0.027	Inf
0.027	Inf
0.027	Inf
0.027	Inf
0.027	Inf
0.028	Inf
0.028	Inf
0.028	Inf
0.028	Inf
0.028	Inf
0.028	Inf
0.028	Inf
0.028	Inf
0.028	Inf
0.029	Inf
0.029	Inf
0.029	Inf
0.030	Inf
0.030	Inf
0.033	Inf
0.080	Inf
0.110	Inf
0.116	Inf
0.120	Inf
0.126	Inf
0.140	Inf
0.141	Inf
0.141	Inf
0.142	8514.249
0.143	8424.142
0.144	8371.162
0.149	8328.814
0.149	8280.017
0.155	8279.732
0.155	8199.781
0.157	8054.281
0.160	7929.301
0.162	7928.988
0.165	7827.279
0.166	7827.053
0.172	7826.913
0.176	7754.590
0.181	7604.912
0.182	7521.659
0.183	7440.744
0.184	7334.755
0.185	7241.654
0.186	7240.882
0.186	7240.681
0.187	7240.267
0.188	7239.643
0.188	7093.736
0.189	7092.718
0.190	7092.435
0.191	6953.728
0.191	6787.756
0.194	6787.543
0.195	6787.304
0.199	6787.245
0.199	6786.946
0.200	6665.079
0.203	6549.915
0.203	6426.735
0.204	6426.400
0.205	6241.378
0.206	6240.321
0.206	6239.711
0.208	6239.481
0.208	6239.348
0.212	6110.628
0.217	5962.700
0.217	5765.303
0.218	5605.509
0.219	5605.349
0.222	5422.755
0.222	5422.691
0.224	5422.166
0.226	5330.332
0.228	5330.206
0.229	5329.813
0.230	5329.596
0.231	5329.364
0.232	5329.168
0.232	5328.954
0.232	5328.815
0.232	5184.553
0.233	5184.376
0.234	5184.109
0.235	5184.087
0.235	4974.030
0.236	4973.928
0.236	4793.447
0.236	4634.522
0.237	4634.303
0.237	4633.692
0.238	4464.770
0.238	4464.556
0.241	4464.485
0.243	4464.231
0.245	4262.120
0.246	4262.120
0.246	4261.978
0.247	4092.604
0.249	4092.428
0.250	4092.034
0.250	4091.946
0.252	4091.765
0.253	4091.153
0.253	4091.101
0.253	3939.932
0.254	3800.921
0.254	3800.656
0.258	3800.255
0.262	3800.127
0.262	3799.430
0.263	3799.303
0.264	3799.180
0.265	3798.907
0.265	3798.735
0.268	3798.505
0.269	3798.263
0.270	3797.975
0.274	3797.856
0.274	3797.733
0.274	3797.498
0.274	3795.646
0.275	3795.495
0.276	3631.751
0.276	3631.583
0.276	3497.750
0.276	3497.492
0.277	3497.359
0.278	3497.224
0.278	3497.056
0.278	3496.556
0.278	3496.388
0.279	3496.172
0.280	3496.053
0.281	3495.801
0.282	3495.702
0.282	3495.396
0.282	3495.195
0.282	3494.895
0.282	3494.390
0.283	3494.313
0.286	3318.351
0.286	3318.351
0.288	3318.351
0.290	3318.288
0.291	3317.749
0.291	3317.464
0.291	3145.755
0.292	3145.620
0.293	3145.397
0.295	3145.226
0.296	2943.552
0.296	2943.469
0.297	2943.356
0.297	2943.289
0.298	2943.289
0.299	2943.135
0.299	2943.013
0.300	2942.741
0.300	2942.248
0.303	2942.248
0.304	2941.999
0.304	2941.740
0.305	2941.556
0.306	2941.434
0.308	2941.338
0.310	2941.195
0.311	2941.054
0.311	2940.896
0.312	2940.719
0.314	2940.719
0.315	2940.659
0.317	2940.420
0.319	2940.137
0.320	2939.828
0.320	2939.289
0.320	2939.177
0.321	2939.049
0.322	2938.852
0.323	2938.750
0.323	2938.624
0.324	2864.818
0.324	2864.693
0.325	2864.531
0.325	2864.341
0.326	2864.231
0.326	2864.158
0.327	2864.158
0.328	2864.043
0.328	2863.965
0.328	2863.879
0.329	2863.706
0.329	2863.706
0.332	2863.660
0.332	2863.328
0.332	2863.328
0.333	2863.108
0.336	2862.865
0.336	2862.865
0.337	2862.403
0.339	2862.274
0.339	2862.059
0.341	2861.854
0.341	2861.777
0.342	2861.554
0.342	2861.474
0.343	2861.374
0.344	2861.085
0.345	2860.996
0.346	2860.885
0.346	2860.885
0.346	2860.631
0.347	2860.511
0.347	2860.282
0.348	2859.854
0.349	2859.699
0.351	2859.583
0.353	2859.583
0.354	2859.206
0.356	2858.738
0.356	2858.586
0.357	2858.446
0.359	2858.387
0.360	2858.216
0.360	2857.851
0.361	2857.748
0.363	2857.586
0.365	2857.464
0.365	2857.237
0.366	2857.135
0.368	2856.764
0.369	2856.558
0.369	2856.438
0.369	2856.370
0.371	2856.214
0.371	2856.046
0.371	2855.868
0.372	2855.640
0.372	2855.536
0.374	2855.272
0.374	2855.006
0.374	2854.873
0.375	2854.716
0.375	2854.494
0.375	2854.388
0.377	2854.169
0.378	2854.037
0.378	2853.972
0.378	2853.972
0.379	2853.636
0.380	2853.636
0.380	2853.415
0.383	2853.165
0.384	2852.975
0.384	2852.975
0.385	2852.853
0.385	2852.778
0.389	2852.702
0.390	2852.597
0.391	2852.283
0.392	2852.175
0.392	2851.926
0.392	2851.723
0.393	2851.484
0.393	2851.484
0.393	2851.484
0.393	2850.853
0.393	2850.721
0.394	2850.647
0.395	2850.498
0.395	2850.345
0.397	2850.345
0.397	2850.288
0.398	2850.288
0.398	2850.288
0.399	2640.421
0.402	2640.276
0.403	2640.123
0.403	2640.065
0.407	2639.865
0.407	2639.321
0.408	2639.182
0.409	2639.065
0.409	2638.912
0.409	2638.762
0.413	2638.665
0.414	2638.590
0.414	2638.092
0.416	2637.938
0.416	2637.772
0.417	2637.591
0.417	2637.426
0.418	2637.264
0.420	2637.071
0.421	2636.931
0.421	2636.733
0.421	2636.506
0.421	2636.396
0.422	2636.269
0.423	2636.094
0.424	2636.032
0.424	2635.809
0.425	2635.441
0.428	2635.314
0.428	2635.035
0.428	2634.863
0.429	2634.607
0.430	2634.534
0.431	2634.388
0.431	2634.264
0.432	2634.139
0.434	2634.139
0.435	2634.066
0.436	2633.958
0.437	2633.958
0.437	2633.672
0.437	2633.452
0.437	2633.259
0.437	2633.019
0.438	2632.915
0.439	2632.662
0.439	2632.520
0.440	2632.324
0.441	2632.182
0.441	2632.111
0.443	2631.924
0.445	2631.503
0.445	2631.233
0.446	2630.914
0.448	2630.857
0.448	2630.713
0.449	2630.535
0.451	2630.390
0.452	2630.275
0.453	2630.036
0.453	2629.912
0.454	2629.809
0.454	2629.809
0.455	2629.562
0.458	2629.562
0.458	2629.465
0.459	2629.247
0.459	2629.139
0.459	2629.094
0.460	2628.929
0.462	2628.757
0.464	2628.612
0.464	2628.441
0.466	2628.441
0.466	2628.323
0.467	2628.168
0.467	2628.035
0.467	2628.035
0.467	2627.922
0.468	2627.878
0.468	2627.668
0.470	2627.668
0.470	2627.608
0.471	2627.271
0.471	2627.013
0.472	2626.840
0.473	2626.582
0.473	2626.363
0.474	2626.293
0.477	2626.112
0.480	2625.988
0.480	2625.905
0.480	2625.578
0.481	2625.472
0.481	2625.251
0.482	2625.057
0.482	2624.844
0.483	2624.582
0.484	2624.457
0.485	2624.299
0.485	2624.150
0.485	2623.944
0.486	2623.806
0.486	2623.479
0.487	2623.394
0.491	2623.122
0.492	2623.066
0.494	2623.066
0.495	2622.887
0.496	2622.772
0.496	2622.641
0.498	2622.571
0.498	2622.571
0.498	2622.529
0.498	2622.369
0.502	2622.228
0.502	2622.071
0.505	2621.895
0.505	2621.773
0.505	2621.571
0.507	2621.540
0.507	2621.473
0.509	2621.473
0.509	2621.335
0.509	2621.134
0.509	2621.134
0.509	2620.818
0.509	2620.709
0.510	2620.584
0.511	2620.431
0.512	2620.257
0.512	2620.067
0.513	2619.942
0.513	2619.710
0.514	2619.588
0.515	2619.468
0.516	2619.185
0.516	2618.943
0.516	2618.769
0.516	2618.711
0.517	2618.473
0.518	2618.404
0.524	2618.231
0.526	2618.133
0.526	2617.947
0.526	2617.799
0.526	2617.641
0.527	2617.528
0.527	2617.300
0.529	2617.061
0.530	2616.873
0.530	2616.709
0.531	2616.528
0.532	2616.379
0.533	2616.379
0.533	2616.182
0.533	2616.003
0.533	2615.860
0.537	2615.612
0.537	2615.557
0.540	2615.317
0.540	2615.147
0.540	2615.058
0.540	2614.923
0.541	2614.759
0.541	2614.599
0.542	2614.441
0.543	2614.347
0.544	2614.169
0.544	2613.833
0.545	2613.667
0.549	2613.524
0.549	2613.334
0.551	2613.050
0.552	2613.019
0.553	2612.918
0.553	2612.605
0.553	2612.436
0.555	2612.304
0.556	2612.087
0.556	2612.087
0.556	2611.930
0.556	2611.723
0.556	2611.605
0.556	2611.483
0.559	2611.280
0.559	2611.066
0.560	2610.949
0.560	2610.698
0.561	2610.528
0.562	2610.307
0.562	2610.239
0.562	2610.184
0.564	2610.184
0.564	2610.184
0.565	2610.098
0.565	2609.866
0.567	2609.836
0.569	2609.673
0.570	2609.492
0.572	2609.266
0.572	2609.152
0.572	2609.007
0.572	2608.788
0.573	2608.668
0.574	2608.489
0.575	2608.274
0.576	2607.777
0.577	2607.414
0.577	2607.403
0.578	2607.231
0.578	2607.075
0.579	2606.929
0.582	2606.876
0.582	2606.876
0.584	2606.876
0.584	2606.796
0.586	2606.615
0.586	2606.437
0.586	2606.227
0.587	2606.053
0.589	2605.874
0.590	2605.708
0.590	2605.492
0.591	2605.130
0.593	2604.951
0.596	2604.951
0.597	2604.712
0.597	2604.619
0.597	2604.448
0.598	2604.265
0.598	2604.235
0.598	2604.125
0.598	2604.125
0.599	2603.922
0.600	2603.737
0.601	2603.501
0.601	2603.256
0.603	2603.147
0.603	2602.994
0.604	2602.772
0.604	2602.550
0.605	2602.397
0.605	2602.203
0.606	2602.090
0.606	2602.022
0.607	2601.971
0.608	2601.863
0.610	2601.509
0.612	2601.509
0.613	2601.353
0.613	2601.171
0.614	2601.091
0.615	2600.917
0.615	2600.696
0.617	2600.481
0.617	2600.303
0.618	2600.000
0.618	2599.858
0.618	2599.690
0.619	2599.474
0.621	2599.283
0.622	2599.062
0.622	2598.882
0.625	2598.792
0.625	2598.792
0.625	2598.741
0.627	2598.741
0.629	2598.675
0.629	2598.559
0.630	2598.342
0.630	2598.097
0.630	2597.908
0.631	2597.730
0.633	2597.539
0.634	2597.357
0.634	2597.202
0.637	2596.994
0.638	2596.824
0.639	2596.824
0.641	2596.568
0.641	2596.387
0.641	2596.387
0.642	2596.304
0.642	2596.117
0.642	2596.003
0.642	2595.831
0.642	2595.745
0.643	2595.444
0.644	2595.414
0.645	2595.147
0.645	2594.920
0.648	2594.731
0.649	2594.596
0.649	2594.503
0.650	2594.436
0.651	2594.363
0.651	2594.312
0.651	2594.126
0.652	2594.026
0.652	2593.916
0.653	2593.916
0.654	2593.587
0.655	2593.401
0.658	2593.227
0.659	2593.066
0.659	2592.892
0.660	2592.767
0.660	2592.463
0.662	2592.254
0.663	2592.083
0.664	2591.980
0.664	2591.840
0.666	2591.631
0.668	2591.457
0.669	2591.316
0.669	2591.265
0.671	2590.945
0.672	2590.826
0.673	2590.764
0.673	2590.249
0.675	2590.046
0.675	2589.881
0.676	2589.760
0.676	2589.657
0.678	2589.495
0.678	2589.306
0.678	2589.306
0.679	2589.100
0.682	2588.926
0.683	2588.926
0.683	2588.728
0.683	2588.472
0.684	2588.271
0.685	2588.126
0.685	2587.859
0.686	2587.763
0.686	2587.597
0.687	2587.538
0.688	2587.355
0.688	2587.265
0.689	2586.984
0.689	2586.762
0.690	2586.733
0.692	2586.412
0.693	2586.272
0.694	2586.113
0.695	2586.034
0.695	2585.924
0.696	2585.875
0.696	2585.640
0.697	2585.463
0.697	2585.463
0.698	2585.274
0.698	2585.168
0.698	2585.061
0.699	2584.846
0.702	2584.679
0.704	2584.504
0.706	2584.360
0.706	2584.250
0.707	2584.064
0.707	2583.855
0.709	2583.691
0.713	2583.607
0.713	2583.531
0.713	2583.481
0.714	2583.289
0.714	2583.132
0.715	2583.132
0.716	2582.839
0.717	2582.774
0.718	2582.666
0.718	2582.389
0.719	2582.176
0.720	2582.011
0.722	2581.816
0.722	2581.599
0.723	2581.440
0.724	2581.337
0.725	2581.054
0.726	2580.877
0.727	2580.695
0.727	2580.497
0.728	2580.368
0.729	2580.230
0.729	2580.015
0.730	2579.915
0.731	2579.753
0.731	2579.706
0.732	2579.545
0.733	2579.270
0.733	2578.912
0.734	2578.698
0.734	2578.595
0.736	2578.566
0.736	2578.482
0.737	2578.344
0.738	2578.344
0.739	2578.256
0.740	2578.207
0.740	2578.066
0.741	2577.980
0.741	2577.980
0.741	2577.809
0.741	2577.719
0.742	2577.382
0.743	2577.158
0.743	2577.017
0.743	2576.850
0.744	2576.622
0.744	2576.479
0.744	2576.375
0.747	2576.217
0.748	2576.042
0.751	2575.831
0.751	2575.601
0.752	2575.464
0.754	2575.357
0.755	2575.357
0.758	2575.357
0.758	2575.309
0.759	2575.082
0.760	2574.929
0.761	2574.849
0.763	2574.588
0.763	2574.376
0.764	2574.272
0.766	2574.019
0.766	2574.019
0.767	2574.019
0.767	2573.850
0.768	2573.667
0.769	2573.398
0.770	2573.208
0.770	2573.061
0.771	2572.843
0.771	2572.743
0.771	2572.577
0.772	2572.372
0.772	2572.138
0.773	2572.007
0.774	2571.766
0.775	2571.708
0.775	2571.602
0.776	2571.392
0.778	2571.088
0.778	2570.938
0.778	2570.764
0.780	2570.735
0.780	2570.603
0.782	2570.451
0.782	2570.199
0.783	2570.104
0.784	2570.055
0.784	2569.893
0.786	2569.762
0.786	2569.577
0.787	2569.373
0.788	2569.306
0.788	2568.983
0.790	2568.755
0.791	2568.755
0.791	2568.643
0.792	2568.436
0.792	2568.285
0.792	2568.061
0.795	2567.858
0.796	2567.633
0.798	2567.453
0.798	2567.453
0.798	2567.289
0.801	2567.177
0.802	2567.087
0.803	2567.018
0.804	2566.768
0.804	2566.617
0.805	2566.354
0.805	2566.146
0.806	2565.955
0.806	2565.773
0.806	2565.693
0.806	2565.693
0.807	2565.395
0.808	2565.196
0.810	2565.083
0.810	2564.874
0.811	2564.655
0.813	2564.472
0.815	2564.332
0.815	2564.094
0.815	2563.940
0.816	2563.846
0.816	2563.661
0.817	2563.461
0.819	2563.034
0.819	2562.901
0.819	2562.846
0.819	2562.749
0.822	2562.550
0.822	2562.335
0.823	2562.044
0.824	2561.882
0.827	2561.701
0.827	2561.541
0.827	2561.541
0.828	2561.492
0.828	2561.389
0.828	2561.360
0.829	2561.360
0.830	2561.176
0.830	2561.061
0.832	2561.061
0.832	2560.891
0.833	2560.759
0.834	2560.709
0.835	2560.536
0.835	2560.373
0.836	2560.187
0.836	2559.973
0.836	2559.832
0.838	2559.832
0.839	2559.632
0.840	2559.632
0.841	2559.632
0.842	2559.438
0.842	2559.274
0.843	2559.024
0.845	2558.764
0.845	2558.534
0.846	2558.473
0.848	2558.388
0.848	2557.962
0.848	2557.826
0.848	2557.687
0.850	2557.502
0.851	2557.410
0.851	2557.071
0.852	2556.791
0.852	2556.605
0.852	2556.410
0.855	2556.220
0.855	2556.086
0.856	2555.912
0.859	2555.733
0.863	2555.599
0.863	2555.533
0.864	2554.798
0.865	2554.721
0.867	2554.623
0.867	2554.411
0.867	2554.411
0.867	2554.133
0.868	2553.948
0.870	2553.801
0.871	2553.647
0.871	2553.647
0.872	2553.546
0.872	2553.499
0.872	2553.141
0.873	2552.964
0.873	2552.705
0.873	2552.442
0.875	2552.403
0.877	2552.118
0.877	2552.003
0.877	2551.805
0.878	2551.652
0.879	2551.499
0.879	2551.332
0.880	2550.988
0.880	2550.818
0.880	2550.763
0.881	2550.625
0.882	2550.428
0.883	2550.218
0.884	2549.971
0.885	2549.650
0.886	2549.520
0.886	2549.365
0.891	2549.309
0.891	2549.077
0.891	2548.893
0.892	2548.764
0.894	2548.623
0.895	2548.434
0.895	2548.335
0.895	2548.009
0.896	2548.009
0.896	2547.883
0.896	2547.254
0.896	2547.072
0.898	2546.812
0.898	2546.608
0.898	2546.442
0.899	2546.281
0.900	2546.153
0.902	2546.153
0.904	2545.920
0.905	2545.697
0.907	2545.216
0.908	2545.088
0.911	2545.088
0.911	2544.839
0.911	2544.665
0.912	2544.417
0.914	2544.129
0.914	2544.031
0.914	2543.860
0.915	2543.781
0.915	2543.624
0.915	2543.525
0.916	2543.387
0.917	2543.340
0.918	2543.181
0.919	2543.007
0.921	2542.788
0.922	2542.730
0.923	2542.617
0.924	2542.458
0.924	2542.261
0.924	2542.022
0.924	2541.799
0.925	2541.663
0.925	2541.468
0.925	2541.321
0.927	2541.264
0.928	2541.067
0.929	2540.873
0.930	2540.873
0.930	2540.708
0.931	2540.544
0.935	2540.480
0.936	2540.208
0.937	2540.087
0.937	2540.087
0.937	2539.858
0.939	2539.671
0.939	2539.496
0.939	2539.203
0.940	2539.018
0.940	2538.895
0.940	2538.707
0.941	2538.549
0.942	2538.465
0.942	2538.280
0.943	2538.135
0.943	2537.987
0.944	2537.741
0.944	2537.539
0.945	2537.340
0.947	2537.183
0.947	2536.969
0.948	2536.748
0.948	2536.748
0.953	2536.636
0.953	2536.127
0.955	2535.990
0.956	2535.886
0.956	2535.673
0.960	2535.516
0.960	2535.347
0.960	2535.249
0.961	2535.204
0.961	2535.089
0.962	2534.926
0.964	2534.844
0.965	2534.663
0.966	2534.526
0.967	2534.526
0.967	2534.526
0.968	2534.002
0.968	2533.945
0.969	2533.777
0.969	2533.591
0.969	2533.396
0.969	2533.260
0.969	2533.148
0.971	2533.013
0.971	2532.844
0.972	2532.779
0.972	2532.565
0.973	2532.359
0.974	2532.154
0.974	2531.979
0.976	2531.811
0.977	2531.578
0.979	2531.442
0.980	2531.373
0.982	2530.974
0.983	2530.758
0.983	2530.579
0.983	2530.327
0.984	2530.032
0.984	2529.879
0.984	2529.710
0.984	2529.524
0.985	2529.392
0.986	2528.762
0.987	2528.619
0.988	2528.417
0.989	2528.111
0.989	2528.111
0.991	2527.949
0.991	2527.757
0.991	2527.757
0.992	2527.590
0.992	2527.357
0.993	2527.126
0.996	2527.030
1.000	2526.926
1.000	2526.829
1.001	2526.625
1.002	2526.625
1.004	2526.625
1.004	2526.459
1.005	2526.354
1.005	2526.309
1.006	2526.124
1.007	2525.961
1.009	2525.840
1.011	2525.840
1.011	2525.674
1.012	2525.558
1.012	2525.558
1.013	2525.216
1.013	2524.982
1.013	2524.823
1.013	2524.662
1.013	2524.479
1.014	2524.394
1.014	2524.258
1.015	2524.141
1.016	2524.071
1.017	2524.002
1.017	2523.876
1.017	2523.718
1.018	2523.519
1.019	2523.347
1.021	2523.060
1.022	2522.743
1.023	2522.583
1.024	2522.391
1.024	2522.227
1.025	2522.147
1.026	2521.980
1.027	2521.793
1.028	2521.611
1.028	2521.531
1.029	2521.379
1.029	2521.241
1.029	2521.035
1.031	2520.908
1.033	2520.708
1.033	2520.511
1.034	2520.338
1.036	2520.127
1.037	2519.940
1.037	2519.940
1.038	2519.771
1.040	2519.623
1.041	2519.139
1.041	2519.050
1.042	2518.706
1.044	2518.610
1.045	2518.392
1.047	2518.205
1.047	2518.205
1.048	2518.064
1.049	2518.021
1.050	2517.818
1.050	2517.434
1.050	2517.273
1.051	2517.124
1.053	2516.980
1.056	2516.681
1.056	2516.229
1.056	2516.020
1.056	2515.782
1.057	2515.315
1.057	2515.183
1.057	2515.031
1.058	2514.900
1.059	2514.745
1.059	2514.616
1.059	2514.616
1.059	2514.473
1.061	2514.397
1.063	2514.222
1.063	2514.017
1.063	2513.880
1.063	2513.821
1.064	2513.661
1.065	2513.584
1.068	2513.313
1.069	2513.155
1.069	2512.834
1.071	2512.834
1.071	2512.662
1.071	2512.443
1.071	2512.353
1.072	2512.353
1.073	2512.229
1.074	2512.229
1.075	2512.066
1.075	2511.939
1.077	2511.769
1.079	2511.769
1.079	2511.588
1.080	2511.422
1.080	2511.422
1.081	2511.422
1.083	2511.243
1.083	2511.054
1.084	2511.050
1.085	2510.886
1.085	2510.802
1.086	2510.621
1.087	2510.344
1.087	2510.151
1.089	2510.028
1.089	2509.777
1.091	2509.605
1.093	2509.346
1.093	2509.305
1.095	2509.138
1.097	2508.821
1.099	2508.688
1.100	2507.285
1.100	2507.157
1.101	2506.868
1.101	2506.710
1.101	2506.505
1.103	2506.354
1.104	2506.244
1.105	2505.845
1.105	2505.845
1.105	2505.713
1.107	2505.505
1.107	2505.310
1.108	2505.160
1.110	2505.029
1.111	2505.029
1.113	2504.965
1.113	2504.890
1.115	2504.637
1.115	2504.460
1.115	2504.242
1.115	2504.087
1.116	2503.844
1.117	2503.706
1.118	2503.597
1.119	2503.247
1.119	2503.177
1.119	2503.111
1.120	2503.111
1.121	2502.861
1.123	2502.659
1.123	2502.493
1.124	2502.264
1.124	2502.264
1.125	2502.075
1.127	2501.804
1.127	2501.649
1.128	2501.649
1.129	2501.195
1.129	2501.013
1.129	2500.910
1.132	2500.748
1.132	2500.506
1.133	2500.317
1.133	2500.188
1.135	2500.022
1.136	2499.360
1.137	2499.305
1.138	2499.135
1.139	2498.891
1.139	2498.891
1.139	2498.643
1.141	2498.398
1.145	2498.268
1.145	2498.059
1.145	2497.896
1.146	2497.691
1.147	2497.505
1.147	2497.359
1.149	2497.257
1.150	2497.066
1.151	2496.630
1.152	2496.214
1.152	2495.961
1.152	2495.791
1.153	2495.421
1.155	2495.292
1.156	2494.757
1.156	2494.633
1.156	2494.399
1.160	2494.258
1.160	2494.122
1.160	2493.922
1.161	2493.754
1.162	2493.669
1.163	2493.571
1.163	2493.084
1.164	2493.084
1.164	2492.831
1.165	2492.629
1.166	2492.411
1.168	2492.190
1.169	2492.022
1.170	2491.865
1.171	2491.573
1.171	2491.406
1.171	2491.406
1.172	2491.254
1.173	2491.035
1.175	2490.900
1.175	2490.740
1.176	2490.740
1.177	2490.607
1.177	2490.607
1.179	2490.367
1.179	2490.252
1.180	2490.071
1.180	2489.885
1.181	2489.817
1.183	2489.620
1.185	2489.392
1.185	2489.201
1.189	2489.013
1.189	2488.763
1.190	2488.553
1.192	2488.394
1.192	2488.190
1.194	2488.092
1.194	2488.092
1.194	2487.285
1.196	2487.069
1.196	2486.900
1.196	2486.679
1.196	2486.514
1.200	2485.512
1.200	2485.262
1.201	2485.116
1.202	2485.019
1.203	2484.898
1.204	2484.765
1.204	2484.633
1.204	2484.221
1.205	2484.032
1.207	2483.793
1.208	2483.704
1.208	2483.495
1.208	2483.365
1.208	2483.196
1.210	2483.037
1.210	2482.818
1.211	2482.605
1.211	2482.499
1.213	2482.339
1.214	2482.170
1.215	2482.020
1.215	2481.827
1.216	2481.619
1.217	2481.339
1.217	2481.148
1.221	2480.965
1.221	2480.803
1.222	2480.531
1.223	2480.531
1.225	2480.353
1.225	2480.124
1.225	2480.025
1.226	2479.898
1.227	2479.687
1.227	2479.488
1.227	2479.278
1.231	2479.072
1.232	2478.903
1.232	2478.903
1.233	2478.723
1.234	2478.500
1.235	2478.303
1.235	2477.849
1.237	2477.639
1.238	2477.548
1.238	2477.225
1.238	2477.079
1.240	2476.803
1.241	2476.640
1.241	2476.458
1.245	2476.309
1.246	2476.171
1.246	2475.012
1.248	2474.889
1.248	2474.767
1.249	2474.518
1.250	2474.296
1.250	2474.119
1.251	2473.973
1.251	2472.887
1.252	2472.887
1.252	2472.622
1.252	2472.545
1.252	2472.392
1.253	2472.144
1.255	2471.926
1.255	2471.734
1.256	2471.590
1.256	2471.566
1.257	2471.402
1.257	2471.166
1.259	2471.012
1.260	2470.901
1.261	2470.737
1.261	2470.564
1.261	2470.432
1.267	2470.150
1.268	2469.974
1.269	2469.788
1.269	2469.663
1.270	2469.663
1.271	2469.413
1.271	2469.158
1.271	2469.023
1.272	2468.791
1.273	2468.791
1.274	2468.577
1.274	2468.320
1.276	2467.967
1.277	2467.731
1.277	2467.731
1.277	2467.579
1.278	2467.384
1.278	2467.147
1.278	2467.004
1.279	2467.004
1.280	2466.829
1.281	2466.629
1.282	2466.479
1.282	2466.356
1.283	2465.902
1.283	2464.099
1.284	2463.904
1.284	2463.719
1.285	2463.570
1.286	2463.402
1.286	2463.201
1.289	2463.075
1.289	2462.930
1.292	2462.679
1.295	2462.491
1.295	2462.491
1.296	2462.180
1.296	2462.072
1.297	2461.903
1.297	2461.757
1.297	2461.053
1.297	2460.894
1.298	2460.894
1.299	2460.693
1.299	2460.602
1.300	2460.602
1.302	2460.450
1.302	2460.205
1.303	2460.036
1.305	2459.889
1.306	2459.728
1.306	2459.728
1.306	2459.569
1.308	2459.418
1.309	2459.309
1.310	2459.309
1.312	2459.110
1.314	2458.912
1.315	2458.752
1.315	2458.542
1.316	2458.104
1.316	2457.878
1.319	2457.709
1.319	2457.420
1.320	2457.187
1.322	2457.103
1.322	2456.942
1.323	2456.796
1.324	2456.560
1.324	2456.315
1.326	2456.218
1.326	2456.004
1.327	2455.852
1.327	2455.646
1.327	2455.522
1.328	2455.322
1.329	2455.322
1.329	2454.157
1.329	2454.027
1.332	2453.859
1.333	2453.749
1.333	2453.356
1.334	2453.113
1.335	2452.971
1.337	2452.586
1.339	2452.411
1.340	2452.280
1.340	2452.164
1.342	2451.886
1.342	2451.754
1.343	2451.543
1.343	2451.543
1.343	2451.382
1.343	2451.183
1.343	2450.728
1.344	2450.444
1.344	2450.181
1.345	2449.888
1.347	2449.676
1.347	2449.514
1.348	2449.321
1.348	2449.106
1.349	2449.106
1.350	2448.967
1.351	2448.793
1.351	2448.489
1.355	2447.971
1.355	2447.719
1.356	2447.504
1.359	2447.398
1.360	2447.201
1.360	2447.041
1.360	2446.792
1.361	2446.465
1.361	2446.283
1.363	2446.096
1.366	2445.875
1.367	2444.930
1.367	2444.785
1.367	2444.785
1.369	2443.298
1.369	2443.081
1.370	2442.972
1.370	2442.750
1.371	2442.536
1.371	2442.412
1.371	2442.412
1.372	2442.263
1.372	2441.948
1.373	2441.733
1.374	2441.613
1.374	2441.613
1.375	2441.490
1.375	2441.395
1.377	2441.132
1.379	2440.981
1.379	2440.842
1.379	2440.842
1.382	2440.517
1.382	2440.457
1.383	2440.250
1.384	2440.102
1.384	2439.934
1.384	2439.757
1.385	2439.757
1.388	2439.546
1.388	2439.417
1.388	2439.244
1.389	2439.008
1.389	2438.830
1.390	2438.576
1.391	2438.227
1.391	2438.227
1.392	2438.037
1.392	2437.807
1.392	2437.807
1.392	2437.624
1.393	2437.428
1.394	2437.302
1.395	2437.083
1.395	2437.083
1.400	2436.799
1.401	2436.626
1.401	2436.331
1.401	2436.138
1.404	2435.955
1.406	2435.817
1.408	2435.597
1.408	2435.492
1.411	2435.360
1.412	2435.143
1.413	2434.935
1.413	2434.689
1.414	2434.497
1.414	2434.257
1.415	2433.425
1.416	2433.425
1.416	2433.178
1.416	2433.070
1.416	2432.832
1.418	2432.742
1.418	2432.629
1.418	2432.595
1.419	2432.403
1.420	2432.124
1.421	2431.924
1.422	2431.590
1.423	2431.590
1.424	2431.373
1.425	2430.752
1.426	2430.553
1.428	2430.313
1.428	2430.163
1.429	2429.996
1.431	2429.246
1.432	2429.007
1.432	2428.815
1.433	2428.659
1.434	2428.527
1.436	2428.423
1.437	2428.293
1.437	2428.293
1.437	2428.293
1.437	2427.795
1.438	2427.674
1.438	2427.579
1.439	2427.424
1.439	2427.073
1.439	2426.876
1.440	2426.635
1.441	2426.531
1.442	2426.254
1.444	2424.392
1.445	2424.392
1.445	2424.187
1.446	2423.939
1.447	2423.653
1.448	2423.485
1.448	2423.485
1.452	2423.485
1.453	2423.343
1.454	2422.885
1.455	2422.783
1.457	2422.681
1.458	2422.413
1.458	2422.250
1.460	2422.173
1.460	2421.732
1.460	2421.639
1.461	2421.038
1.462	2420.804
1.462	2420.577
1.462	2420.441
1.463	2420.231
1.463	2419.960
1.464	2419.785
1.466	2419.706
1.467	2419.706
1.467	2419.404
1.467	2419.055
1.470	2419.055
1.472	2418.832
1.472	2418.675
1.472	2418.476
1.473	2417.730
1.473	2417.340
1.477	2417.168
1.477	2416.620
1.480	2416.213
1.480	2416.047
1.481	2415.870
1.482	2415.686
1.482	2415.541
1.482	2415.321
1.483	2415.160
1.483	2414.957
1.484	2414.841
1.484	2414.699
1.485	2414.554
1.485	2414.349
1.486	2414.190
1.487	2414.098
1.488	2413.872
1.490	2413.104
1.490	2412.292
1.491	2412.233
1.493	2412.082
1.493	2411.644
1.494	2411.487
1.498	2411.487
1.499	2411.317
1.499	2411.204
1.499	2410.928
1.502	2410.682
1.502	2410.493
1.503	2409.953
1.503	2409.844
1.505	2409.762
1.505	2409.535
1.505	2409.370
1.506	2409.144
1.506	2408.952
1.507	2408.853
1.507	2408.673
1.508	2408.252
1.509	2408.122
1.509	2407.840
1.510	2407.665
1.511	2407.476
1.513	2407.004
1.516	2406.857
1.517	2406.686
1.518	2406.379
1.518	2406.209
1.521	2406.020
1.524	2405.402
1.524	2405.244
1.526	2405.066
1.526	2404.461
1.526	2404.461
1.527	2404.257
1.527	2404.085
1.527	2404.005
1.528	2403.818
1.529	2403.497
1.530	2403.277
1.530	2403.149
1.530	2403.149
1.532	2402.921
1.532	2402.691
1.533	2402.610
1.534	2402.468
1.536	2402.335
1.536	2402.021
1.537	2401.692
1.539	2401.179
1.540	2401.001
1.543	2400.866
1.543	2400.661
1.543	2400.485
1.545	2400.246
1.546	2399.505
1.547	2399.323
1.548	2398.347
1.548	2398.214
1.548	2398.079
1.549	2397.807
1.550	2397.729
1.550	2397.568
1.551	2397.386
1.551	2396.571
1.553	2396.328
1.555	2396.090
1.555	2395.932
1.555	2395.828
1.556	2395.731
1.556	2395.731
1.557	2395.568
1.560	2395.568
1.560	2395.428
1.561	2395.292
1.563	2394.413
1.564	2394.139
1.564	2393.868
1.566	2393.701
1.566	2392.689
1.570	2392.162
1.571	2391.963
1.571	2391.758
1.571	2391.582
1.571	2391.146
1.573	2390.908
1.574	2390.758
1.577	2390.627
1.577	2390.353
1.577	2387.795
1.577	2387.795
1.578	2387.479
1.578	2387.267
1.579	2387.175
1.580	2387.050
1.581	2386.914
1.582	2386.778
1.583	2386.518
1.585	2386.275
1.587	2386.073
1.587	2385.822
1.587	2385.668
1.590	2385.668
1.591	2385.523
1.591	2385.400
1.592	2384.964
1.593	2384.695
1.593	2384.567
1.595	2384.435
1.595	2384.246
1.597	2383.961
1.599	2383.910
1.599	2383.769
1.599	2383.644
1.600	2383.225
1.601	2383.225
1.601	2383.095
1.602	2382.891
1.602	2382.466
1.604	2382.316
1.605	2381.990
1.606	2381.835
1.608	2381.835
1.610	2381.703
1.611	2381.442
1.615	2381.254
1.615	2381.081
1.616	2380.877
1.616	2380.330
1.616	2380.137
1.617	2379.979
1.617	2379.832
1.619	2378.888
1.619	2378.709
1.621	2378.553
1.623	2378.433
1.623	2378.284
1.623	2377.687
1.624	2377.514
1.625	2377.398
1.625	2377.398
1.625	2376.782
1.625	2374.863
1.626	2374.377
1.626	2374.250
1.629	2374.072
1.630	2373.952
1.631	2373.830
1.632	2373.179
1.633	2373.011
1.633	2372.892
1.639	2372.621
1.639	2372.475
1.639	2369.412
1.639	2369.238
1.640	2369.110
1.640	2369.110
1.641	2367.635
1.643	2367.499
1.644	2367.249
1.645	2367.019
1.646	2366.914
1.647	2366.432
1.647	2366.244
1.648	2366.077
1.648	2365.927
1.648	2365.927
1.649	2365.848
1.649	2365.617
1.651	2365.466
1.652	2365.166
1.653	2364.041
1.654	2363.936
1.657	2363.694
1.659	2363.529
1.659	2363.364
1.660	2363.185
1.663	2362.768
1.663	2362.609
1.663	2362.609
1.663	2362.483
1.667	2362.335
1.668	2362.094
1.668	2361.920
1.669	2361.756
1.670	2361.543
1.670	2361.305
1.670	2361.162
1.670	2361.162
1.672	2360.792
1.672	2360.630
1.672	2360.424
1.676	2360.368
1.676	2360.085
1.676	2359.907
1.677	2359.664
1.677	2359.664
1.679	2359.495
1.684	2359.397
1.684	2358.904
1.685	2358.786
1.685	2358.645
1.687	2358.520
1.687	2357.754
1.688	2357.568
1.690	2357.345
1.692	2356.429
1.692	2356.180
1.693	2354.847
1.694	2354.674
1.695	2354.468
1.696	2354.378
1.696	2354.182
1.696	2353.913
1.696	2353.757
1.697	2353.713
1.698	2353.540
1.698	2353.256
1.698	2353.171
1.702	2353.038
1.703	2350.866
1.703	2350.720
1.703	2350.453
1.705	2350.282
1.706	2350.108
1.707	2349.885
1.709	2349.692
1.709	2349.505
1.713	2349.317
1.714	2349.107
1.714	2348.969
1.715	2348.835
1.715	2348.683
1.716	2348.372
1.718	2347.765
1.720	2347.591
1.720	2347.323
1.721	2347.139
1.724	2347.022
1.725	2346.866
1.726	2346.723
1.729	2346.644
1.729	2346.518
1.730	2346.385
1.730	2346.385
1.731	2346.268
1.732	2346.169
1.732	2345.996
1.733	2345.958
1.734	2345.791
1.734	2345.547
1.735	2342.936
1.735	2342.514
1.737	2342.188
1.740	2341.697
1.740	2341.514
1.741	2341.373
1.742	2341.146
1.743	2340.690
1.743	2340.578
1.745	2340.415
1.745	2340.342
1.745	2340.147
1.746	2340.021
1.749	2339.768
1.749	2339.604
1.750	2339.312
1.755	2339.126
1.755	2339.080
1.758	2338.904
1.759	2338.904
1.759	2338.754
1.761	2338.635
1.761	2338.510
1.762	2338.327
1.762	2338.174
1.763	2337.993
1.765	2337.835
1.765	2337.437
1.765	2337.437
1.766	2337.177
1.771	2337.049
1.772	2336.835
1.772	2336.532
1.772	2336.276
1.774	2336.010
1.774	2335.834
1.775	2335.252
1.775	2335.090
1.776	2334.927
1.777	2334.716
1.777	2334.487
1.778	2334.263
1.778	2334.148
1.778	2334.005
1.778	2333.895
1.779	2333.410
1.781	2333.169
1.786	2333.012
1.787	2332.780
1.787	2332.626
1.791	2332.523
1.795	2332.338
1.795	2332.174
1.795	2332.174
1.795	2332.059
1.796	2331.700
1.799	2331.700
1.800	2331.700
1.801	2331.256
1.801	2331.117
1.802	2330.898
1.805	2330.735
1.805	2330.564
1.806	2330.374
1.807	2330.230
1.807	2330.076
1.808	2329.902
1.809	2329.758
1.810	2329.549
1.810	2329.398
1.812	2329.168
1.818	2329.074
1.818	2328.890
1.819	2328.699
1.820	2328.516
1.820	2328.238
1.820	2328.033
1.821	2327.836
1.823	2327.747
1.823	2327.665
1.824	2327.312
1.824	2327.103
1.826	2326.932
1.827	2326.932
1.830	2326.775
1.831	2326.598
1.833	2325.907
1.833	2325.730
1.835	2325.609
1.839	2325.403
1.843	2325.077
1.844	2324.822
1.844	2324.647
1.844	2324.477
1.845	2324.228
1.846	2324.124
1.846	2323.912
1.849	2322.618
1.851	2322.441
1.851	2322.325
1.851	2322.172
1.851	2321.934
1.853	2321.765
1.854	2321.605
1.854	2321.454
1.854	2321.302
1.856	2321.150
1.856	2321.150
1.859	2320.990
1.862	2320.754
1.862	2320.485
1.862	2320.250
1.863	2320.077
1.864	2319.955
1.864	2319.787
1.865	2319.591
1.867	2319.413
1.868	2319.341
1.870	2318.893
1.871	2318.841
1.873	2318.841
1.873	2318.608
1.876	2318.608
1.876	2318.426
1.879	2318.275
1.881	2318.106
1.884	2317.950
1.887	2317.746
1.888	2317.532
1.889	2317.330
1.890	2317.241
1.891	2317.045
1.893	2317.045
1.893	2316.882
1.894	2316.696
1.894	2315.620
1.895	2315.471
1.897	2315.341
1.897	2315.161
1.899	2314.971
1.900	2314.811
1.900	2314.531
1.901	2314.396
1.901	2313.528
1.902	2313.378
1.902	2313.209
1.903	2312.868
1.904	2312.693
1.905	2312.564
1.908	2312.387
1.909	2312.198
1.910	2311.958
1.913	2311.810
1.914	2311.561
1.915	2311.393
1.919	2311.211
1.920	2311.028
1.921	2310.840
1.926	2310.677
1.926	2310.369
1.927	2310.147
1.928	2309.991
1.931	2309.824
1.934	2309.707
1.935	2309.533
1.936	2309.043
1.936	2309.043
1.937	2308.867
1.938	2308.001
1.938	2307.609
1.939	2307.279
1.940	2307.176
1.941	2306.999
1.943	2306.805
1.943	2306.614
1.943	2306.488
1.944	2306.204
1.946	2305.808
1.947	2305.704
1.947	2305.323
1.948	2305.190
1.948	2304.956
1.952	2304.820
1.952	2304.599
1.953	2304.599
1.955	2304.383
1.955	2304.213
1.962	2304.075
1.962	2303.765
1.964	2303.745
1.964	2303.584
1.965	2303.397
1.966	2303.089
1.968	2303.089
1.970	2302.328
1.971	2299.692
1.972	2299.408
1.972	2299.206
1.972	2298.739
1.977	2298.082
1.978	2298.082
1.980	2297.865
1.982	2297.003
1.982	2296.953
1.983	2296.817
1.984	2296.680
1.984	2295.914
1.985	2295.680
1.987	2295.474
1.988	2295.013
1.988	2295.013
1.989	2294.870
1.990	2294.753
1.992	2294.293
1.993	2294.190
1.994	2293.915
1.994	2293.346
1.996	2292.872
1.998	2292.725
1.999	2292.544
2.001	2291.534
2.001	2290.135
2.002	2289.941
2.002	2289.802
2.003	2289.680
2.008	2289.473
2.008	2289.321
2.009	2289.200
2.010	2288.653
2.010	2288.653
2.012	2288.485
2.012	2288.485
2.014	2288.240
2.015	2287.932
2.015	2287.152
2.016	2286.897
2.018	2286.305
2.019	2285.664
2.027	2285.375
2.029	2285.228
2.029	2285.073
2.029	2284.942
2.030	2284.515
2.031	2284.273
2.032	2284.061
2.032	2283.848
2.032	2283.628
2.034	2283.273
2.034	2283.175
2.036	2282.915
2.037	2282.915
2.044	2282.774
2.046	2281.313
2.048	2281.163
2.049	2280.985
2.052	2280.866
2.052	2280.713
2.053	2279.535
2.054	2279.535
2.056	2279.429
2.058	2279.300
2.058	2278.525
2.059	2278.346
2.059	2278.151
2.060	2277.915
2.061	2277.733
2.065	2277.596
2.070	2276.764
2.073	2276.492
2.073	2273.419
2.074	2273.261
2.074	2272.879
2.075	2272.662
2.077	2272.472
2.077	2272.263
2.077	2272.066
2.078	2270.993
2.079	2270.862
2.080	2270.213
2.080	2269.743
2.083	2268.711
2.084	2268.503
2.088	2268.382
2.092	2267.539
2.095	2267.335
2.096	2267.207
2.096	2267.045
2.097	2266.875
2.099	2266.441
2.103	2266.441
2.104	2265.780
2.104	2265.550
2.104	2265.420
2.104	2265.280
2.104	2264.635
2.108	2264.635
2.109	2264.476
2.112	2263.968
2.114	2263.611
2.116	2263.181
2.119	2262.838
2.120	2260.437
2.120	2259.671
2.121	2258.933
2.121	2258.743
2.121	2258.526
2.122	2258.347
2.122	2257.282
2.122	2256.889
2.123	2256.829
2.124	2256.658
2.127	2256.349
2.128	2256.349
2.129	2255.661
2.130	2254.923
2.132	2254.749
2.134	2254.535
2.137	2254.266
2.140	2254.053
2.141	2253.765
2.141	2253.362
2.145	2253.362
2.145	2253.068
2.147	2253.068
2.148	2252.815
2.151	2252.208
2.152	2252.007
2.153	2250.093
2.153	2250.093
2.154	2249.953
2.157	2249.774
2.158	2249.491
2.159	2249.491
2.160	2249.222
2.161	2248.668
2.165	2248.419
2.165	2248.274
2.165	2248.095
2.166	2247.623
2.166	2247.173
2.167	2246.990
2.168	2246.593
2.173	2246.411
2.175	2245.396
2.176	2245.238
2.176	2244.568
2.178	2244.365
2.181	2244.365
2.183	2243.699
2.184	2243.348
2.188	2242.892
2.191	2242.341
2.192	2242.088
2.193	2241.855
2.193	2241.577
2.199	2241.089
2.199	2240.364
2.200	2240.197
2.205	2239.643
2.207	2239.369
2.208	2238.892
2.208	2238.617
2.209	2238.408
2.210	2238.408
2.210	2238.278
2.211	2238.073
2.212	2238.051
2.212	2238.045
2.213	2237.710
2.214	2235.331
2.216	2234.522
2.217	2233.919
2.219	2233.817
2.220	2233.172
2.221	2232.669
2.224	2232.445
2.228	2231.946
2.229	2231.234
2.233	2231.234
2.235	2229.407
2.236	2229.140
2.236	2228.224
2.237	2227.943
2.238	2227.796
2.239	2227.723
2.240	2224.561
2.241	2224.561
2.243	2224.456
2.246	2224.099
2.246	2223.768
2.252	2223.768
2.254	2223.597
2.255	2223.370
2.257	2223.210
2.257	2222.659
2.258	2222.315
2.259	2221.715
2.259	2221.477
2.260	2221.477
2.262	2221.253
2.267	2221.080
2.269	2220.416
2.275	2218.152
2.280	2217.903
2.281	2217.339
2.281	2217.194
2.286	2216.772
2.287	2216.090
2.288	2215.077
2.290	2214.791
2.291	2214.732
2.292	2214.493
2.293	2214.014
2.297	2213.060
2.298	2212.918
2.300	2212.740
2.301	2212.079
2.305	2211.920
2.306	2211.165
2.306	2210.998
2.314	2210.910
2.321	2210.455
2.323	2209.762
2.325	2209.571
2.328	2209.416
2.329	2209.291
2.329	2207.877
2.332	2205.620
2.336	2205.436
2.337	2205.063
2.339	2204.919
2.339	2204.342
2.342	2204.113
2.342	2203.557
2.343	2203.371
2.344	2203.233
2.348	2203.233
2.352	2202.764
2.352	2202.686
2.352	2202.151
2.354	2201.933
2.367	2201.899
2.368	2201.689
2.369	2201.546
2.373	2200.821
2.376	2200.633
2.377	2200.578
2.378	2199.924
2.382	2199.881
2.383	2199.705
2.385	2199.641
2.385	2199.014
2.386	2198.873
2.387	2198.590
2.391	2198.590
2.391	2197.572
2.395	2197.148
2.398	2196.862
2.402	2195.747
2.403	2195.520
2.411	2195.377
2.412	2194.900
2.413	2194.788
2.414	2194.513
2.418	2194.406
2.423	2194.223
2.424	2193.911
2.430	2193.859
2.432	2193.261
2.432	2192.986
2.436	2192.760
2.440	2192.582
2.445	2192.495
2.451	2192.294
2.452	2192.085
2.454	2191.635
2.458	2191.539
2.460	2191.539
2.464	2191.041
2.467	2190.782
2.470	2190.569
2.472	2190.326
2.491	2190.326
2.496	2190.326
2.499	2189.738
2.499	2189.520
2.499	2189.419
2.501	2189.350
2.504	2189.331
2.505	2189.062
2.517	2188.926
2.524	2186.284
2.525	2185.509
2.538	2185.273
2.540	2184.980
2.546	2184.639
2.546	2184.451
2.548	2184.451
2.549	2184.280
2.563	2184.231
2.570	2183.766
2.570	2183.596
2.585	2183.419
2.586	2183.295
2.592	2182.679
2.592	2182.500
2.593	2182.311
2.595	2182.311
2.617	2182.070
2.617	2181.902
2.631	2181.790
2.634	2181.761
2.636	2181.418
2.636	2181.284
2.637	2180.980
2.638	2180.922
2.641	2180.680
2.642	2180.680
2.648	2180.628
2.651	2180.445
2.652	2180.315
2.663	2180.172
2.667	2180.083
2.678	2180.082
2.679	2179.715
2.681	2179.481
2.688	2179.278
2.691	2178.898
2.699	2178.879
2.707	2178.807
2.713	2178.777
2.718	2178.380
2.726	2178.261
2.730	2178.219
2.735	2178.054
2.740	2177.930
2.740	2177.426
2.743	2175.575
2.757	2175.480
2.765	2175.425
2.769	2175.354
2.776	2175.351
2.784	2175.217
2.789	2174.661
2.789	2173.808
2.803	2173.200
2.810	2173.104
2.834	2172.904
2.836	2172.517
2.838	2171.934
2.839	2171.417
2.846	2171.376
2.861	2171.376
2.862	2171.005
2.866	2170.384
2.871	2170.384
2.883	2170.146
2.885	2170.146
2.901	2169.354
2.908	2168.828
2.916	2168.740
2.932	2168.550
2.933	2168.316
2.957	2168.274
2.957	2167.091
2.958	2166.465
2.977	2166.428
2.978	2166.427
2.983	2166.228
2.998	2166.143
3.003	2165.707
3.003	2165.706
3.007	2165.433
3.032	2165.269
3.082	2165.128
3.099	2164.997
3.131	2164.834
3.139	2164.660
3.142	2164.524
3.143	2164.424
3.146	2164.412
3.181	2164.252
3.185	2164.235
3.185	2164.008
3.186	2163.836
3.189	2163.812
3.195	2163.743
3.195	2163.689
3.213	2163.601
3.215	2163.514
3.230	2163.300
3.254	2162.687
3.259	2162.661
3.260	2162.578
3.261	2162.576
3.289	2162.461
3.302	2162.049
3.327	2161.901
3.342	2161.790
3.351	2161.147
3.354	2161.028
3.358	2160.885
3.361	2160.774
3.369	2160.755
3.380	2160.673
3.385	2160.634
3.401	2160.088
3.418	2160.024
3.429	2160.019
3.432	2159.891
3.439	2159.231
3.453	2159.231
3.465	2159.231
3.478	2159.220
3.482	2159.141
3.500	2159.100
3.515	2158.584
3.536	2158.418
3.543	2158.327
3.565	2158.107
3.610	2158.075
3.613	2158.017
3.615	2157.954
3.626	2157.946
3.638	2157.755
3.641	2157.729
3.660	2157.703
3.665	2157.543
3.681	2157.524
3.681	2157.492
3.685	2157.467
3.688	2157.442
3.711	2157.421
3.715	2157.375
3.732	2157.343
3.738	2157.302
3.743	2157.283
3.751	2157.250
3.785	2157.242
3.890	2157.206
3.951	2157.199
3.952	2157.142
3.972	2157.118
3.979	2157.025
3.979	2156.981
4.049	2156.927
4.099	2156.919
4.121	2156.901
4.123	2156.879
4.159	2156.863
4.159	2156.855
4.160	2156.835
4.164	2156.807
4.169	2156.757
4.171	2156.722
4.193	2156.710
4.217	2156.710
4.233	2156.689
4.234	2156.670
4.237	2156.652
4.265	2156.641
4.302	2156.615
4.316	2156.598
4.329	2156.565
4.333	2156.533
4.343	2156.503
4.360	2156.494
4.393	2156.477
4.403	2156.466
4.406	2156.464
4.414	2156.444
4.422	2156.419
4.452	2156.413
4.509	2156.387
4.536	2156.352
4.583	2156.332
4.584	2156.327
4.587	2156.307
4.601	2156.305
4.615	2156.296
4.632	2156.295
4.642	2156.286
4.655	2156.195
4.655	2156.186
4.659	2156.171
4.662	2156.163
4.664	2156.160
4.688	2156.133
4.689	2156.128
4.708	2156.121
4.712	2156.119
4.717	2156.108
4.725	2156.105
4.734	2156.103
4.760	2156.095
4.865	2156.093
4.925	2156.092
4.926	2156.065
4.946	2156.061
4.954	2156.047
4.955	2156.041
5.096	2156.037
5.104	2156.030
5.132	2156.025
5.133	2156.018
5.136	2156.014
5.139	2155.978
5.139	2155.974
5.143	2155.968
5.147	2155.962
5.208	2155.955
5.208	2155.950
5.208	2155.950
5.213	2155.942
5.240	2155.934
5.247	2155.928
5.277	2155.919
5.289	2155.907
5.293	2155.885
5.303	2155.878
5.308	2155.876
5.317	2155.867
5.378	2155.860
5.381	2155.858
5.395	2155.853
5.425	2155.851
5.466	2155.842
5.479	2155.835
5.482	2155.831
5.558	2155.830
5.562	2155.819
5.577	2155.817
5.582	2155.812
5.589	2155.811
5.624	2155.809
5.630	2155.808
5.634	2155.803
5.636	2155.801
5.646	2155.799
5.664	2155.797
5.673	2155.787
5.683	2155.786
5.685	2155.784
5.692	2155.782
5.699	2155.780
5.702	2155.738
5.710	2155.730
5.722	2155.729
5.736	2155.728
5.840	2155.725
5.900	2155.724
5.900	2155.714
5.919	2155.712
5.929	2155.709
5.930	2155.706
6.071	2155.704
6.085	2155.702
6.106	2155.700
6.107	2155.699
6.110	2155.698
6.114	2155.696
6.116	2155.695
6.122	2155.693
6.180	2155.687
6.182	2155.684
6.182	2155.684
6.188	2155.683
6.216	2155.681
6.251	2155.679
6.264	2155.678
6.277	2155.677
6.284	2155.674
6.291	2155.673
6.355	2155.672
6.355	2155.672
6.377	2155.671
6.399	2155.671
6.453	2155.669
6.454	2155.667
6.512	2155.666
6.531	2155.666
6.536	2155.665
6.553	2155.665
6.564	2155.664
6.604	2155.664
6.606	2155.663
6.609	2155.661
6.610	2155.660
6.622	2155.659
6.629	2155.658
6.638	2155.658
6.658	2155.657
6.659	2155.657
6.666	2155.656
6.676	2155.656
6.687	2155.654
6.712	2155.653
6.741	2155.648
6.762	2155.646
6.815	2155.646
6.874	2155.646
6.874	2155.645
6.893	2155.645
6.904	2155.642
6.905	2155.641
7.046	2155.641
7.067	2155.640
7.079	2155.640
7.081	2155.640
7.085	2155.639
7.089	2155.639
7.090	2155.638
7.098	2155.638
7.156	2155.638
7.157	2155.637
7.164	2155.637
7.192	2155.636
7.221	2155.634
7.226	2155.633
7.238	2155.633
7.251	2155.633
7.259	2155.632
7.265	2155.632
7.330	2155.632
7.330	2155.632
7.359	2155.631
7.373	2155.631
7.426	2155.630
7.428	2155.630
7.505	2155.630
7.510	2155.629
7.528	2155.629
7.538	2155.629
7.556	2155.629
7.578	2155.629
7.583	2155.629
7.583	2155.629
7.588	2155.629
7.611	2155.628
7.613	2155.628
7.632	2155.628
7.635	2155.628
7.640	2155.628
7.650	2155.628
7.663	2155.627
7.663	2155.627
7.687	2155.627
7.780	2155.625
7.790	2155.625
7.803	2155.625
7.848	2155.625
7.848	2155.624
7.866	2155.624
7.879	2155.624
7.881	2155.624
8.020	2155.623
8.048	2155.623
8.052	2155.623
8.057	2155.623
8.061	2155.623
8.064	2155.623
8.064	2155.623
8.073	2155.623
8.130	2155.623
8.131	2155.622
8.140	2155.622
8.167	2155.622
8.201	2155.622
8.212	2155.622
8.225	2155.622
8.234	2155.622
8.239	2155.622
8.261	2155.622
8.305	2155.622
8.305	2155.621
8.341	2155.621
8.347	2155.621
8.399	2155.621
8.402	2155.621
8.479	2155.621
8.484	2155.621
8.503	2155.621
8.512	2155.621
8.552	2155.621
8.557	2155.621
8.558	2155.621
8.570	2155.621
8.588	2155.621
8.594	2155.621
8.599	2155.620
8.606	2155.620
8.610	2155.620
8.615	2155.620
8.624	2155.620
8.639	2155.620
8.662	2155.620
8.683	2155.620
8.764	2155.620
8.818	2155.620
8.821	2155.620
8.822	2155.620
8.840	2155.620
8.843	2155.620
8.854	2155.620
8.857	2155.620
8.996	2155.620
9.026	2155.619
9.030	2155.619
9.032	2155.619
9.036	2155.619
9.037	2155.619
9.039	2155.619
9.049	2155.619
9.105	2155.619
9.106	2155.619
9.116	2155.619
9.143	2155.619
9.176	2155.619
9.185	2155.619
9.198	2155.619
9.209	2155.619
9.214	2155.619
9.279	2155.619
9.281	2155.619
9.302	2155.619
9.320	2155.619
9.323	2155.619
9.330	2293.296
9.361	2415.444
9.372	2415.444
9.377	2415.444
9.405	2571.889
9.436	2635.386
9.443	2740.233
9.447	2881.206
9.453	2881.206
9.467	3045.549
9.472	3218.541
9.475	3305.237
9.477	3502.233
9.478	3502.233
9.482	3619.463
9.482	3700.333
9.483	3827.182
9.484	3920.589
9.484	4025.907
9.486	4025.907
9.490	4109.998
9.497	4267.025
9.498	4440.031
9.508	4551.857
9.509	4786.864
9.523	4830.554
9.525	4830.554
9.528	4925.647
9.532	4925.647
9.535	5089.137
9.536	5317.165
9.540	5474.391
9.545	5421.513
9.552	5421.513
9.555	5503.248
9.555	5674.082
9.557	5857.950
9.575	5857.950
9.579	5935.800
9.579	5935.800
9.586	6114.354
9.586	6114.354
9.592	6212.223
9.593	6284.217
9.593	6321.026
9.603	6503.562
9.604	6679.961
9.615	6800.445
9.619	6993.063
9.623	7031.565
9.642	7031.565
9.643	6949.802
9.669	7133.645
9.672	7098.107
9.673	7142.305
9.698	7142.305
9.705	7069.452
9.708	7008.751
9.717	7059.518
9.727	6965.910
9.730	6890.260
9.739	7000.567
9.748	7029.252
9.754	6883.362
9.768	6777.907
9.773	6647.393
9.785	6473.271
9.787	6362.574
9.801	6362.434
9.802	6528.149
9.802	6451.425
9.804	6235.113
9.811	6201.033
9.817	6200.871
9.843	6384.764
9.857	6384.764
9.870	6211.412
9.884	6211.412
9.896	6030.770
9.906	5878.707
9.910	5838.136
9.912	5835.453
9.922	5834.349
9.940	5804.943
9.949	5783.449
9.952	5615.251
9.955	5485.723
10.001	5323.885
10.008	5171.979
10.034	5170.739
10.046	5169.901
10.047	5169.233
10.059	5264.920
10.062	5442.402
10.078	5440.828
10.085	5434.291
10.095	5433.182
10.098	5344.723
10.105	5344.375
10.110	5156.869
10.113	4933.179
10.114	4932.337
10.122	4775.909
10.139	4769.666
10.139	4671.863
10.147	4669.777
10.148	4667.307
10.149	4666.908
10.152	4666.091
10.155	4663.673
10.156	4662.067
10.172	4660.647
10.177	4660.329
10.178	4659.310
10.181	4659.094
10.182	4485.922
10.193	4485.427
10.194	4484.893
10.196	4484.506
10.206	4484.041
10.207	4480.582
10.215	4480.056
10.218	4479.259
10.225	4478.557
10.228	4478.210
10.232	4477.741
10.246	4477.560
10.248	4476.269
10.251	4475.978
10.251	4474.971
10.252	4472.979
10.264	4472.516
10.279	4472.274
10.313	4471.659
10.313	4464.531
10.316	4545.461
10.317	4544.748
10.320	4543.745
10.322	4543.245
10.336	4471.679
10.338	4470.516
10.339	4621.504
10.342	4620.771
10.348	4533.437
10.355	4531.613
10.358	4531.399
10.366	4530.910
10.372	4529.480
10.389	4528.547
10.394	4528.115
10.395	4423.899
10.398	4422.223
10.408	4421.554
10.410	4421.208
10.413	4420.537
10.413	4419.587
10.414	4417.331
10.423	4416.538
10.427	4415.721
10.437	4414.617
10.444	4313.393
10.447	4228.149
10.454	4401.585
10.487	4400.701
10.489	4400.251
10.490	4325.330
10.492	4324.896
10.500	4324.723
10.503	4324.282
10.504	4162.464
10.532	4161.409
10.540	4160.969
10.549	4160.803
10.562	4160.144
10.570	4159.731
10.571	4159.194
10.575	4005.489
10.575	4005.292
10.582	3836.453
10.583	3835.818
10.586	3832.569
10.590	3831.820
10.595	3831.354
10.606	3830.644
10.607	3829.524
10.610	3827.214
10.611	3826.818
10.615	3826.519
10.620	3825.236
10.620	3824.961
10.632	3823.652
10.639	3822.590
10.647	3819.639
10.653	3747.779
10.653	3743.321
10.654	3743.064
10.654	3577.696
10.661	3576.176
10.664	3575.665
10.668	3575.315
10.673	3424.035
10.681	3423.548
10.682	3423.421
10.685	3422.956
10.688	3422.776
10.693	3421.350
10.707	3392.281
10.710	3392.099
10.711	3391.682
10.717	3223.241
10.717	3221.886
10.724	3221.481
10.730	3046.332
10.732	3044.261
10.738	3044.005
10.740	3043.505
10.743	3043.333
10.743	3042.507
10.745	3042.304
10.754	3041.926
10.765	3040.175
10.769	3040.025
10.771	3039.393
10.771	3039.069
10.776	3038.892
10.784	3038.749
10.789	3036.418
10.795	3036.302
10.807	3035.463
10.809	3035.099
10.811	3034.312
10.814	3031.794
10.815	3031.511
10.824	3030.858
10.842	3030.514
10.842	3029.810
10.845	3029.639
10.848	3029.084
10.849	3028.499
10.855	3028.355
10.868	2886.572
10.870	2886.294
10.876	2770.209
10.879	2770.121
10.892	2769.803
10.899	2769.623
10.937	2769.032
10.938	2768.745
10.938	2768.195
10.944	2766.249
10.946	2765.009
10.946	2764.915
10.949	2764.067
10.954	2762.979
10.955	2762.132
10.958	2761.113
10.962	2760.345
10.972	2760.013
10.974	2759.832
10.981	2759.674
10.986	2759.194
10.990	2758.403
10.993	2757.046
10.998	2756.480
11.006	2756.339
11.008	2756.144
11.009	2753.751
11.017	2749.570
11.026	2749.433
11.026	2748.853
11.035	2747.039
11.037	2746.631
11.038	2746.383
11.053	2745.866
11.067	2744.637
11.086	2632.956
11.086	2632.618
11.089	2632.264
11.091	2631.487
11.092	2628.110
11.093	2627.165
11.094	2626.804
11.099	2626.471
11.111	2624.959
11.114	2619.113
11.119	2616.956
11.123	2615.523
11.127	2614.940
11.130	2614.065
11.131	2613.686
11.131	2613.260
11.133	2612.951
11.140	2612.807
11.141	2612.344
11.152	2612.054
11.158	2611.906
11.164	2611.311
11.189	2611.135
11.191	2610.298
11.191	2608.442
11.192	2608.010
11.194	2607.120
11.199	2606.915
11.199	2606.403
11.200	2606.041
11.203	2604.943
11.203	2603.070
11.210	2602.838
11.212	2602.372
11.213	2602.245
11.225	2601.930
11.241	2601.752
11.244	2600.198
11.259	2599.544
11.274	2596.175
11.275	2595.850
11.289	2595.617
11.305	2595.410
11.324	2595.240
11.326	2594.717
11.326	2594.221
11.329	2593.921
11.333	2592.871
11.342	2592.259
11.355	2590.725
11.358	2590.570
11.362	2590.236
11.362	2589.534
11.367	2588.883
11.375	2588.398
11.375	2587.526
11.377	2587.325
11.387	2586.894
11.387	2586.480
11.390	2585.747
11.390	2581.842
11.399	2581.344
11.399	2580.850
11.408	2577.750
11.414	2577.552
11.416	2575.617
11.422	2575.065
11.427	2574.355
11.441	2573.847
11.443	2573.686
11.450	2572.344
11.452	2571.242
11.452	2571.068
11.457	2570.593
11.460	2569.358
11.460	2569.013
11.461	2568.857
11.466	2568.613
11.491	2568.202
11.495	2567.374
11.498	2566.183
11.503	2565.655
11.510	2565.563
11.527	2565.220
11.530	2564.537
11.530	2564.169
11.532	2563.856
11.532	2563.427
11.533	2562.446
11.535	2562.018
11.537	2561.188
11.537	2560.677
11.543	2560.501
11.545	2560.289
11.553	2559.916
11.555	2559.556
11.561	2559.383
11.573	2394.087
11.575	2392.641
11.575	2392.039
11.585	2391.792
11.593	2391.635
11.597	2391.008
11.602	2390.792
11.603	2390.518
11.609	2389.875
11.611	2389.487
11.612	2389.176
11.612	2388.512
11.617	2387.776
11.620	2387.634
11.624	2386.081
11.632	2385.783
11.637	2385.557
11.643	2385.360
11.649	2384.284
11.650	2384.205
11.652	2383.845
11.652	2383.743
11.664	2383.443
11.666	2383.243
11.669	2382.982
11.678	2382.731
11.689	2382.575
11.694	2381.904
11.700	2381.653
11.704	2381.450
11.721	2380.436
11.724	2380.081
11.728	2379.499
11.731	2379.067
11.732	2378.821
11.733	2378.487
11.736	2378.232
11.737	2377.560
11.743	2377.112
11.744	2376.455
11.759	2375.935
11.771	2375.522
11.777	2375.425
11.787	2374.486
11.789	2374.383
11.790	2374.252
11.791	2373.885
11.798	2373.759
11.825	2373.509
11.836	2373.161
11.838	2372.802
11.841	2372.189
11.843	2372.014
11.848	2371.721
11.848	2371.200
11.859	2370.905
11.869	2370.267
11.869	2370.050
11.894	2369.469
11.901	2369.378
11.911	2368.585
11.912	2367.132
11.920	2366.501
11.921	2365.943
11.927	2365.222
11.933	2365.106
11.940	2365.058
11.952	2364.426
11.954	2364.062
11.956	2363.862
11.965	2363.443
11.966	2362.903
11.967	2362.837
11.971	2362.081
11.977	2361.715
11.982	2361.665
11.991	2360.304
11.996	2360.121
11.997	2359.326
12.003	2358.730
12.005	2358.609
12.007	2354.953
12.014	2354.259
12.021	2354.221
12.025	2354.114
12.032	2352.918
12.044	2352.794
12.048	2348.989
12.054	2348.953
12.055	2348.570
12.076	2344.846
12.076	2344.241
12.081	2343.764
12.093	2343.471
12.096	2343.451
12.105	2342.545
12.107	2342.459
12.112	2341.999
12.114	2341.766
12.115	2341.683
12.117	2341.280
12.145	2341.174
12.154	2341.028
12.186	2340.351
12.196	2340.255
12.202	2339.845
12.204	2339.423
12.209	2339.382
12.210	2339.123
12.216	2338.655
12.222	2338.487
12.223	2338.380
12.223	2338.018
12.241	2336.003
12.279	2335.456
12.295	2335.363
12.317	2335.033
12.330	2334.686
12.339	2334.028
12.354	2332.881
12.372	2332.636
12.375	2332.549
12.392	2332.390
12.393	2332.154
12.407	2330.149
12.441	2329.253
12.444	2328.608
12.445	2328.230
12.463	2328.136
12.489	2326.707
12.506	2326.596
12.520	2326.471
12.522	2326.398
12.555	2326.217
12.579	2325.705
12.614	2325.527
12.628	2324.081
12.652	2323.700
12.668	2323.383
12.705	2322.485
12.709	2321.470
12.729	2321.437
12.733	2319.879
12.735	2319.616
12.739	2319.120
12.748	2318.221
12.768	2318.032
12.804	2317.938
12.834	2317.870
12.839	2317.035
12.848	2316.934
12.848	2316.749
12.857	2316.440
12.858	2315.988
12.897	2315.902
12.897	2315.827
12.920	2315.781
12.925	2315.466
12.952	2315.398
12.972	2315.236
12.977	2315.192
13.032	2313.857
13.041	2313.083
13.077	2312.969
13.081	2311.970
13.130	2311.759
13.135	2311.587
13.166	2311.419
13.249	2310.424
13.298	2310.363
13.314	2310.089
13.332	2309.029
13.346	2308.496
13.442	2307.384
13.479	2306.984
13.689	2306.498
13.802	2302.646
14.004	2302.600
14.763	2298.810
15.941	2295.039
16.186	2292.261
16.339	2288.505
16.401	2287.505
16.428	2285.342
16.481	2285.326
16.525	2285.309
16.655	2282.386
16.778	2278.909
16.837	2278.873
16.865	2274.854
16.914	2274.854
16.959	2269.700
17.093	2265.872
17.127	2261.776
17.162	2261.776
17.182	2261.278
17.196	2257.196
17.312	2257.196
17.346	2253.446
17.375	2253.446
17.376	2250.106
17.403	2250.106
17.451	2248.548
17.455	2248.548
17.485	2244.551
17.506	2244.551
17.518	2243.346
17.556	2239.557
17.591	2235.976
17.600	2235.969
17.631	2235.969
17.640	2234.558
17.666	2230.098
17.743	2226.343
17.772	2225.711
17.773	2222.097
17.811	2222.097
17.819	2222.097
17.830	2218.283
17.839	2218.283
17.888	2218.283
17.905	2214.243
17.926	2210.077
17.935	2210.077
17.938	2206.281
18.080	2206.281
18.101	2206.281
18.112	2202.263
18.120	2202.055
18.138	2202.055
18.157	2202.055
18.239	2202.055
18.245	2198.268
18.260	2196.932
18.283	2192.158
18.286	2192.158
18.309	2188.275
18.314	2184.426
18.315	2184.339
18.319	2184.339
18.348	2184.339
18.350	2184.339
18.378	2184.339
18.414	2180.358
18.424	2180.358
18.429	2180.358
18.459	2180.358
18.489	2180.358
18.493	2176.729
18.500	2176.729
18.524	2176.726
18.531	2176.726
18.539	2171.602
18.566	2171.602
18.575	2171.602
18.607	2171.602
18.616	2171.602
18.638	2167.898
18.641	2167.898
18.694	2163.966
18.698	2163.664
18.718	2163.664
18.747	2163.664
18.748	2163.664
18.785	2163.664
18.804	2163.664
18.808	2159.446
18.813	2159.446
18.860	2159.446
18.862	2159.446
18.880	2159.446
18.900	2159.446
18.910	2159.446
18.913	2159.446
18.952	2184.928
19.015	2255.515
19.067	2255.515
19.075	2255.515
19.086	2255.515
19.096	2418.670
19.102	2418.670
19.162	2473.747
19.165	2595.138
19.192	2750.293
19.208	2828.489
19.215	2940.290
19.219	3018.542
19.220	3018.542
19.229	2952.457
19.240	3045.720
19.258	3045.720
19.281	3244.868
19.282	3244.868
19.287	3241.040
19.288	3241.040
19.293	3241.040
19.296	3240.798
19.308	3266.832
19.320	3356.355
19.365	3510.637
19.388	3589.439
19.395	3718.864
19.397	3671.442
19.411	3561.435
19.411	3543.384
19.418	3662.799
19.426	3764.491
19.433	3764.491
19.441	3763.734
19.470	3763.548
19.475	3791.520
19.497	3690.899
19.498	3732.617
19.499	3732.617
19.513	3732.617
19.521	3648.950
19.545	3712.898
19.549	3712.898
19.553	3712.416
19.561	3644.479
19.566	3643.688
19.596	3822.800
19.599	3977.857
19.605	4068.579
19.607	4260.040
19.610	4338.046
19.618	4266.946
19.624	4356.470
19.625	4211.908
19.627	4339.731
19.629	4308.774
19.640	4288.988
19.660	4475.174
19.661	4474.619
19.681	4474.212
19.694	4474.212
19.694	4473.256
19.696	4472.893
19.727	4456.630
19.739	4456.160
19.749	4451.177
19.752	4364.971
19.756	4544.762
19.757	4543.996
19.762	4489.247
19.770	4641.679
19.771	4523.053
19.774	4522.588
19.780	4521.571
19.804	4520.692
19.816	4519.068
19.822	4518.786
19.823	4517.699
19.841	4422.782
19.853	4422.782
19.855	4422.782
19.857	4266.519
19.868	4266.117
19.885	4266.117
19.887	4320.681
19.889	4383.932
19.891	4383.382
19.902	4383.382
19.903	4382.661
19.907	4381.950
19.916	4380.863
19.917	4380.584
19.926	4310.178
19.933	4309.158
19.934	4130.688
19.945	4127.377
19.947	4229.926
19.948	4038.787
19.952	4037.124
19.954	3916.655
19.958	3747.151
19.968	3746.799
19.971	3866.530
20.000	3865.812
20.004	3864.795
20.008	3863.603
20.047	3861.551
20.047	3861.102
20.051	3858.431
20.055	3785.870
20.057	3701.514
20.060	3700.770
20.084	3699.771
20.103	3699.188
20.104	3698.875
20.105	3800.291
20.109	3799.434
20.109	3798.912
20.119	3938.122
20.124	3937.605
20.124	3935.371
20.144	4046.022
20.151	4044.215
20.165	4043.471
20.184	3872.494
20.186	3724.894
20.195	3724.894
20.211	3581.683
20.239	3499.395
20.245	3655.985
20.252	3655.342
20.256	3654.933
20.261	3654.210
20.265	3651.495
20.270	3542.695
20.272	3541.214
20.298	3540.395
20.303	3539.479
20.305	3539.174
20.306	3538.217
20.325	3538.217
20.326	3536.468
20.328	3536.468
20.334	3534.880
20.359	3592.946
20.360	3613.465
20.363	3613.395
20.365	3612.028
20.367	3510.285
20.374	3612.498
20.377	3519.474
20.378	3519.100
20.390	3518.798
20.404	3517.654
20.414	3514.069
20.425	3329.348
20.426	3328.518
20.440	3328.307
20.446	3327.922
20.448	3326.970
20.461	3326.734
20.467	3325.996
20.468	3325.476
20.468	3324.065
20.478	3323.749
20.493	3323.354
20.496	3320.392
20.498	3320.107
20.500	3319.949
20.505	3531.485
20.512	3529.712
20.520	3528.491
20.524	3526.927
20.529	3515.941
20.578	3515.232
20.579	3513.990
20.580	3465.841
20.583	3464.885
20.592	3464.590
20.595	3461.657
20.597	3461.217
20.599	3460.346
20.600	3459.899
20.604	3458.130
20.608	3457.327
20.621	3456.873
20.636	3456.366
20.648	3455.994
20.650	3612.809
20.651	3611.303
20.652	3610.105
20.661	3609.446
20.665	3609.113
20.667	3608.954
20.667	3704.441
20.671	3703.295
20.679	3701.859
20.681	3699.909
20.690	3698.916
20.702	3553.338
20.706	3551.944
20.717	3456.063
20.719	3586.669
20.722	3586.320
20.724	3586.173
20.731	3583.413
20.735	3582.860
20.747	3580.551
20.754	3537.075
20.754	3536.791
20.755	3535.753
20.758	3535.352
20.760	3534.380
20.769	3674.202
20.791	3673.763
20.793	3673.336
20.801	3673.134
20.802	3673.016
20.805	3671.662
20.808	3521.642
20.810	3520.998
20.814	3520.843
20.817	3520.651
20.821	3517.902
20.835	3517.010
20.838	3516.585
20.847	3516.209
20.856	3514.294
20.862	3458.700
20.871	3458.596
20.874	3365.573
20.886	3362.151
20.891	3361.692
20.901	3361.376
20.941	3360.899
20.967	3241.067
20.971	3239.009
20.974	3238.585
20.975	3238.100
20.989	3237.112
20.996	3236.608
20.998	3236.428
20.999	3235.966
21.006	3232.999
21.008	3282.856
21.008	3282.326
21.009	3281.486
21.023	3281.317
21.025	3280.934
21.026	3280.655
21.030	3280.539
21.043	3276.381
21.048	3276.201
21.058	3275.887
21.061	3130.554
21.061	3128.870
21.070	3127.685
21.081	3127.601
21.083	3127.428
21.086	2994.484
21.095	2994.303
21.100	2993.472
21.101	2993.017
21.108	2991.770
21.109	2991.397
21.126	2990.757
21.132	2990.326
21.144	3071.749
21.154	3067.387
21.170	3066.624
21.178	3066.260
21.184	3065.465
21.184	3064.629
21.185	3063.947
21.189	3062.771
21.191	3062.673
21.201	3061.967
21.208	3061.845
21.211	3061.474
21.219	3060.608
21.225	3060.167
21.227	3058.736
21.230	3058.281
21.233	3056.683
21.235	3056.161
21.248	3225.540
21.249	3225.244
21.257	3225.050
21.263	3223.964
21.265	3088.918
21.266	3088.078
21.267	3087.798
21.282	3085.864
21.283	3085.651
21.293	3085.371
21.298	3085.145
21.304	3084.213
21.304	3083.858
21.313	3083.359
21.320	3083.221
21.326	2882.678
21.327	2882.559
21.333	2882.137
21.353	2881.454
21.354	2772.273
21.357	2726.282
21.358	2726.146
21.367	2723.647
21.368	2723.434
21.373	2723.285
21.378	2723.094
21.402	2722.481
21.403	2722.255
21.407	2721.890
21.422	2647.978
21.430	2646.754
21.437	2645.562
21.438	2644.751
21.446	2643.662
21.447	2485.532
21.449	2485.439
21.451	2484.828
21.454	2483.556
21.467	2482.867
21.469	2482.629
21.473	2482.331
21.482	2481.829
21.482	2481.565
21.483	2478.666
21.492	2478.481
21.493	2478.192
21.507	2477.976
21.509	2476.593
21.513	2476.287
21.521	2475.776
21.525	2473.074
21.527	2472.018
21.530	2470.838
21.536	2470.637
21.539	2469.944
21.539	2469.550
21.541	2469.393
21.542	2469.263
21.559	2467.628
21.564	2467.085
21.566	2466.600
21.569	2378.791
21.571	2376.428
21.586	2375.860
21.588	2375.523
21.591	2375.211
21.594	2374.952
21.600	2374.187
21.602	2373.629
21.605	2372.816
21.609	2372.750
21.642	2372.573
21.643	2372.284
21.643	2372.118
21.650	2370.457
21.653	2370.149
21.665	2368.279
21.667	2368.111
21.673	2367.772
21.692	2367.341
21.701	2366.084
21.701	2365.846
21.712	2365.732
21.717	2365.047
21.718	2364.416
21.730	2361.426
21.733	2360.904
21.740	2360.613
21.741	2360.162
21.744	2359.341
21.757	2359.116
21.758	2358.290
21.767	2358.065
21.773	2357.912
21.790	2357.712
21.793	2357.581
21.803	2356.578
21.808	2355.519
21.819	2355.140
21.824	2354.120
21.826	2352.178
21.827	2351.964
21.847	2350.747
21.856	2349.158
21.863	2348.886
21.873	2348.075
21.874	2347.804
21.876	2347.629
21.896	2347.446
21.922	2346.422
21.923	2346.218
21.927	2346.090
21.941	2345.968
21.951	2345.258
21.966	2344.876
21.982	2343.928
21.989	2343.401
21.992	2342.698
21.997	2340.971
22.008	2339.861
22.027	2339.638
22.042	2339.526
22.049	2336.390
22.078	2336.170
22.082	2335.563
22.091	2335.029
22.117	2334.441
22.123	2334.279
22.132	2333.899
22.137	2333.787
22.147	2331.039
22.173	2330.670
22.184	2330.593
22.184	2330.410
22.204	2329.639
22.232	2329.530
22.234	2329.457
22.242	2326.082
22.261	2325.800
22.270	2322.095
22.271	2320.483
22.290	2320.282
22.346	2319.398
22.363	2317.375
22.373	2317.177
22.380	2313.214
22.386	2312.898
22.437	2311.491
22.441	2311.382
22.454	2310.094
22.454	2309.966
22.500	2307.749
22.507	2307.081
22.517	2306.700
22.556	2306.540
22.561	2306.198
22.566	2306.050
22.611	2305.924
22.621	2300.759
22.622	2300.235
22.641	2298.164
22.668	2297.797
22.675	2297.459
22.675	2297.251
22.678	2296.469
22.680	2295.438
22.749	2295.351
22.765	2295.258
22.768	2294.935
22.774	2294.439
22.780	2294.253
22.848	2294.069
22.910	2293.916
22.933	2293.395
22.982	2292.988
23.006	2292.885
23.025	2292.427
23.046	2292.320
23.147	2291.814
23.154	2291.410
23.221	2291.235
23.266	2290.906
23.270	2290.875
23.298	2289.897
23.361	2289.745
23.417	2289.475
23.487	2289.009
23.510	2288.701
23.517	2287.634
23.694	2287.059
23.743	2286.167
24.038	2282.058
24.176	2282.028
24.866	2278.016
28.044	2275.487
28.051	2275.320
28.070	2273.028
28.096	2269.458
28.118	2269.226
28.172	2268.072
28.208	2264.390
28.323	2262.303
28.427	2258.671
28.465	2254.787
28.465	2324.573
28.585	2320.680
28.614	2316.895
28.637	2253.052
28.653	2253.018
28.657	2249.715
28.667	2249.696
28.682	2244.335
28.693	2243.944
28.794	2303.256
28.803	2302.869
28.810	2300.178
28.849	2378.774
28.902	2375.129
28.902	2401.902
28.906	2545.709
28.947	2628.688
28.955	2768.413
28.976	2888.363
28.995	2883.152
29.001	3047.038
29.003	3210.823
29.022	3366.511
29.027	3296.734
29.033	3244.339
29.083	3354.468
29.094	3334.434
29.112	3410.488
29.114	3595.538
29.117	3762.639
29.144	3762.029
29.157	3689.022
29.158	3686.740
29.226	3828.808
29.238	3693.247
29.278	3770.825
29.279	3903.767
29.292	3900.172
29.311	3743.549
29.341	3878.040
29.363	3813.019
29.363	3635.392
29.373	3634.970
29.374	3787.949
29.399	3957.334
29.421	3956.748
29.427	3825.411
29.445	3696.961
29.454	3696.335
29.458	3627.200
29.490	3707.061
29.500	3561.108
29.517	3631.398
29.534	3712.952
29.537	3712.311
29.555	3824.282
29.562	3900.171
29.571	3961.626
29.579	3960.415
29.583	3959.526
29.584	4124.451
29.586	4242.174
29.594	4116.781
29.613	4113.349
29.629	4112.133
29.644	4110.143
29.658	3984.915
29.683	3984.239
29.689	3984.222
29.708	3914.711
29.710	4045.335
29.713	4167.668
29.716	4167.542
29.721	4166.112
29.741	4343.651
29.742	4269.628
29.744	4266.010
29.759	4390.541
29.766	4389.916
29.769	4388.933
29.778	4290.272
29.781	4289.116
29.781	4226.833
29.783	4225.905
29.805	4310.989
29.811	4306.727
29.826	4306.232
29.832	4150.180
29.851	4148.719
29.856	4147.976
29.863	3984.736
29.865	3822.758
29.870	3716.209
29.889	3607.414
29.909	3464.884
29.915	3464.440
29.926	3462.753
29.930	3586.368
29.940	3585.972
29.950	3520.084
29.957	3519.716
29.958	3556.260
29.960	3555.060
29.974	3554.664
29.982	3553.401
29.994	3551.598
30.003	3549.939
30.007	3476.010
30.020	3475.524
30.024	3473.804
30.033	3473.498
30.033	3471.458
30.037	3469.829
30.041	3466.867
30.068	3683.910
30.072	3683.147
30.089	3682.689
30.091	3681.502
30.099	3681.070
30.102	3560.551
30.103	3560.156
30.106	3555.284
30.109	3438.606
30.112	3437.925
30.113	3437.382
30.116	3436.956
30.147	3436.678
30.150	3436.263
30.154	3434.686
30.163	3434.640
30.164	3433.556
30.164	3546.654
30.168	3546.110
30.194	3687.185
30.197	3685.493
30.205	3684.146
30.209	3683.035
30.216	3682.307
30.217	3509.037
30.218	3508.998
30.218	3507.964
30.228	3506.210
30.248	3502.419
30.255	3497.547
30.257	3495.673
30.277	3495.291
30.287	3494.875
30.290	3465.751
30.293	3464.851
30.296	3464.049
30.302	3463.859
30.307	3462.719
30.322	3461.893
30.338	3461.198
30.341	3460.781
30.344	3348.033
30.363	3347.574
30.363	3347.070
30.368	3346.905
30.372	3346.059
30.384	3345.338
30.384	3343.978
30.386	3343.166
30.395	3340.424
30.415	3338.981
30.419	3209.934
30.435	3208.856
30.435	3208.210
30.446	3207.986
30.449	3460.638
30.454	3459.558
30.456	3459.356
30.483	3513.194
30.490	3512.806
30.499	3512.298
30.500	3511.434
30.509	3511.139
30.516	3606.562
30.518	3606.200
30.518	3605.427
30.522	3603.981
30.529	3603.339
30.543	3603.017
30.549	3602.551
30.571	3601.594
30.572	3601.436
30.572	3600.574
30.586	3600.424
30.588	3600.121
30.590	3597.970
30.596	3657.580
30.604	3657.363
30.613	3657.037
30.618	3656.328
30.619	3654.798
30.621	3538.737
30.633	3538.516
30.636	3537.595
30.643	3537.495
30.648	3579.086
30.655	3535.372
30.656	3535.214
30.663	3535.031
30.671	3533.864
30.672	3532.040
30.677	3530.403
30.682	3530.245
30.682	3321.944
30.709	3321.711
30.711	3319.881
30.717	3319.468
30.727	3319.087
30.749	3318.643
30.761	3268.470
30.768	3267.741
30.769	3265.897
30.773	3265.144
30.774	3263.641
30.778	3262.547
30.778	3261.650
30.783	3261.317
30.784	3259.413
30.792	3258.924
30.807	3258.416
30.807	3258.039
30.812	3257.654
30.815	3256.322
30.820	3255.935
30.831	3254.849
30.847	3254.613
30.866	3092.637
30.868	3091.955
30.871	3059.681
30.880	3059.347
30.883	3058.633
30.887	3058.058
30.893	3056.094
30.896	3053.806
30.902	3051.655
30.905	3051.210
30.914	3050.805
30.922	3050.321
30.929	3048.756
30.935	3048.434
30.942	3048.223
30.944	3236.129
30.948	3232.792
30.952	3232.373
30.952	3232.175
30.958	3231.763
30.958	3231.470
30.966	3230.927
30.969	3230.224
30.976	3229.849
30.987	3173.042
30.991	3170.391
31.007	3170.146
31.020	3169.826
31.021	3169.721
31.030	3169.311
31.031	3169.163
31.037	3169.037
31.038	3168.650
31.041	3168.552
31.044	3167.766
31.048	2926.937
31.048	2926.777
31.063	2925.240
31.072	3049.959
31.073	3049.648
31.074	2959.156
31.077	2959.043
31.100	2957.012
31.108	2956.790
31.108	2847.578
31.112	2847.343
31.126	2846.768
31.128	2846.547
31.137	2846.048
31.146	2845.776
31.160	2845.426
31.163	2845.250
31.163	2842.734
31.164	2842.390
31.175	2842.165
31.183	2841.747
31.186	2841.182
31.190	2839.785
31.190	2839.522
31.193	2839.025
31.202	2838.519
31.215	2838.112
31.215	2954.627
31.224	2954.330
31.228	2954.211
31.231	2775.229
31.237	2774.954
31.238	2774.561
31.241	2773.926
31.254	2773.511
31.257	2773.224
31.260	2771.966
31.263	2771.786
31.277	2771.109
31.290	2770.746
31.290	2770.495
31.299	2770.214
31.300	2769.037
31.322	2894.137
31.323	2893.624
31.332	2893.446
31.338	2892.414
31.339	2892.175
31.353	2892.098
31.358	2891.829
31.360	2891.191
31.374	2890.458
31.386	2890.105
31.388	2889.744
31.390	3006.325
31.412	3006.191
31.412	3004.375
31.415	3003.924
31.419	3003.539
31.422	3003.235
31.433	3002.915
31.439	2896.923
31.445	2892.205
31.446	2890.894
31.454	2890.501
31.464	2890.383
31.473	2890.259
31.476	2889.745
31.485	2886.372
31.490	2886.177
31.494	2885.435
31.514	2885.332
31.519	2767.121
31.527	2766.623
31.527	2765.343
31.533	2764.784
31.547	2763.366
31.548	2762.996
31.548	2762.788
31.549	2762.241
31.554	2761.937
31.591	2761.639
31.597	2761.257
31.599	2760.895
31.602	2758.643
31.608	2758.566
31.615	2758.216
31.624	2757.638
31.625	2912.620
31.649	2912.268
31.656	2911.311
31.663	2910.467
31.673	2909.655
31.678	2909.289
31.680	2909.225
31.702	2908.991
31.706	2908.425
31.720	2908.292
31.721	2908.166
31.725	2907.736
31.733	2907.274
31.738	2906.924
31.756	2904.290
31.759	2903.937
31.764	2903.386
31.767	2903.333
31.774	2903.184
31.774	2902.813
31.777	2794.635
31.777	2793.540
31.780	2792.643
31.795	2792.289
31.797	2791.820
31.816	2669.907
31.826	2669.799
31.826	2669.559
31.834	2669.432
31.835	2669.092
31.839	2668.813
31.840	2668.387
31.841	2668.043
31.851	2667.799
31.852	2667.180
31.861	2666.649
31.864	2666.378
31.866	2666.279
31.879	2663.185
31.885	2662.598
31.886	2662.522
31.888	2661.042
31.888	2660.877
31.895	2660.826
31.901	2660.048
31.905	2658.925
31.916	2658.681
31.916	2657.981
31.928	2657.806
31.934	2654.155
31.937	2653.659
31.948	2653.362
31.954	2653.145
31.964	2652.943
31.967	2652.628
31.978	2652.479
31.998	2652.352
32.000	2651.948
32.005	2649.816
32.010	2649.411
32.013	2649.295
32.023	2648.487
32.038	2646.545
32.040	2645.952
32.051	2645.051
32.053	2644.986
32.065	2644.715
32.069	2644.453
32.069	2642.793
32.070	2641.686
32.102	2641.572
32.107	2641.216
32.123	2640.960
32.141	2640.692
32.162	2640.666
32.169	2640.355
32.181	2640.151
32.188	2638.322
32.203	2637.948
32.214	2637.626
32.218	2637.414
32.237	2637.209
32.240	2636.409
32.257	2636.086
32.260	2635.980
32.285	2635.015
32.291	2633.303
32.297	2631.665
32.326	2631.410
32.335	2631.328
32.339	2631.182
32.361	2629.289
32.362	2628.838
32.383	2628.641
32.389	2628.594
32.396	2628.048
32.400	2627.703
32.400	2627.057
32.422	2626.588
32.439	2626.551
32.442	2626.316
32.443	2625.653
32.444	2622.625
32.456	2622.536
32.460	2622.426
32.469	2620.753
32.475	2620.374
32.476	2619.723
32.501	2619.423
32.514	2619.341
32.522	2619.235
32.557	2472.324
32.572	2472.251
32.577	2471.928
32.583	2471.554
32.592	2471.087
32.597	2471.009
32.620	2467.070
32.628	2466.538
32.629	2466.390
32.632	2466.269
32.639	2466.114
32.648	2466.005
32.650	2462.999
32.654	2461.657
32.681	2460.966
32.682	2460.903
32.693	2460.721
32.700	2460.163
32.712	2459.988
32.720	2459.848
32.722	2459.691
32.732	2459.477
32.733	2459.173
32.752	2458.893
32.797	2458.500
32.801	2458.066
32.801	2457.552
32.831	2456.495
32.861	2456.235
32.868	2455.797
32.891	2455.585
32.908	2455.011
32.942	2454.954
32.956	2453.552
32.969	2452.631
32.979	2451.373
32.996	2449.878
32.998	2448.965
33.002	2448.730
33.025	2448.101
33.093	2447.534
33.102	2447.042
33.116	2446.792
33.143	2446.292
33.217	2446.157
33.225	2446.086
33.246	2444.597
33.248	2444.277
33.258	2443.385
33.259	2441.598
33.275	2437.947
33.291	2437.870
33.336	2437.859
33.336	2437.465
33.339	2437.363
33.383	2437.169
33.394	2437.046
33.421	2436.366
33.502	2436.269
33.503	2435.913
33.521	2435.627
33.597	2435.489
33.609	2433.993
33.610	2433.335
33.711	2432.925
33.739	2432.537
33.757	2431.502
33.857	2430.795
34.034	2426.789
34.062	2426.215
34.202	2426.047
34.685	2424.900
34.759	2424.727
37.619	2424.614
37.629	2421.128
37.773	2416.713
37.946	2415.390
37.986	2411.741
38.069	2448.113
38.091	2529.847
38.176	2527.067
38.487	2380.414
38.523	2450.166
38.531	2573.416
38.537	2658.401
38.664	2580.247
38.678	2814.048
38.683	2888.877
38.697	3100.925
38.725	2982.656
38.786	2978.764
38.844	2978.073
38.850	3058.018
38.863	3057.091
38.889	3263.487
38.907	3355.078
38.946	3353.015
39.025	3284.993
39.036	3405.528
39.043	3487.316
39.064	3483.564
39.073	3633.487
39.086	3734.734
39.095	3866.936
39.106	3643.190
39.118	3639.061
39.120	3707.945
39.123	3857.988
39.131	3778.797
39.168	3844.727
39.169	3843.588
39.205	3841.085
39.210	3915.701
39.223	4061.875
39.239	4061.692
39.249	4058.009
39.265	3915.223
39.266	3913.202
39.289	3787.763
39.294	3700.067
39.298	3699.933
39.304	3861.101
39.310	3796.178
39.312	3793.826
39.314	3793.456
39.343	3970.928
39.348	3970.580
39.363	3970.544
39.385	3970.158
39.407	3967.747
39.426	3967.155
39.443	3832.563
39.454	3831.773
39.461	3766.143
39.477	3655.513
39.480	3511.321
39.482	3510.630
39.485	3437.641
39.495	3365.925
39.500	3363.979
39.526	3359.762
39.533	3358.113
39.542	3537.445
39.544	3447.771
39.564	3387.931
39.568	3189.081
39.571	3123.823
39.581	3122.816
39.599	3121.363
39.636	3121.231
39.650	3120.267
39.662	3326.311
39.692	3388.737
39.696	3387.733
39.705	3386.170
39.751	3384.454
39.756	3383.898
39.756	3539.659
39.758	3539.352
39.762	3536.848
39.767	3379.285
39.779	3378.773
39.800	3378.053
39.807	3377.187
39.820	3561.126
39.823	3637.346
39.828	3634.921
39.834	3633.236
39.844	3632.248
39.845	3632.033
39.879	3461.568
39.890	3461.341
39.897	3460.365
39.905	3459.779
39.907	3457.997
39.937	3259.231
39.944	3258.912
39.950	3258.375
39.956	3256.821
39.964	3255.444
39.970	3407.290
39.981	3406.921
39.996	3336.353
40.013	3335.832
40.017	3334.519
40.021	3469.014
40.027	3296.992
40.033	3294.498
40.046	3419.712
40.046	3419.507
40.051	3418.305
40.056	3417.435
40.071	3417.022
40.083	3416.673
40.093	3413.180
40.104	3412.175
40.110	3535.232
40.123	3534.520
40.130	3693.703
40.151	3827.038
40.160	3825.311
40.160	3824.927
40.172	3823.542
40.172	3823.353
40.177	3822.352
40.199	3820.327
40.217	3898.125
40.231	3895.594
40.248	3895.261
40.249	3894.017
40.262	3893.610
40.270	4031.105
40.271	3907.021
40.294	3903.447
40.303	3903.213
40.319	3761.489
40.328	3760.493
40.331	3759.819
40.333	3758.390
40.342	3757.992
40.345	3755.862
40.349	3754.026
40.365	3753.719
40.365	3753.121
40.366	3752.647
40.374	3898.064
40.409	4058.857
40.410	4056.207
40.417	3988.442
40.422	3985.864
40.425	3985.593
40.435	3985.340
40.435	3982.647
40.438	4100.553
40.440	3984.677
40.443	3983.436
40.446	3983.166
40.448	3982.649
40.454	3825.202
40.455	3821.833
40.476	3821.642
40.480	3672.559
40.491	3671.819
40.497	3671.254
40.498	3671.050
40.500	3670.872
40.502	3670.358
40.502	3669.889
40.508	3669.662
40.520	3667.982
40.524	3537.875
40.526	3537.728
40.529	3537.515
40.532	3535.963
40.542	3535.799
40.549	3402.298
40.553	3402.206
40.560	3400.810
40.562	3400.262
40.564	3400.127
40.578	3399.884
40.579	3223.176
40.587	3222.983
40.590	3222.267
40.597	3097.030
40.605	3096.171
40.616	3095.969
40.623	3095.513
40.638	3094.994
40.642	3094.146
40.643	3093.727
40.644	3093.410
40.644	3090.934
40.662	3089.942
40.666	2978.286
40.671	3106.870
40.683	3106.140
40.683	3105.938
40.686	3105.569
40.692	3104.458
40.697	3104.278
40.701	3100.538
40.707	2945.969
40.708	2945.724
40.712	2945.591
40.716	2944.672
40.726	2969.212
40.736	2968.270
40.740	2967.448
40.740	2967.080
40.758	2966.137
40.762	2965.909
40.764	2965.666
40.771	2965.563
40.774	2963.749
40.779	2963.336
40.786	2962.511
40.789	2959.922
40.801	2959.337
40.805	2959.020
40.808	2958.228
40.812	2958.065
40.815	3067.784
40.837	3067.391
40.843	3066.078
40.844	3065.031
40.847	3063.983
40.849	3063.786
40.851	3063.288
40.853	3061.336
40.858	3059.731
40.858	3058.615
40.866	3057.140
40.879	3056.965
40.880	3056.711
40.906	3056.278
40.918	3054.763
40.919	3279.252
40.926	3279.127
40.934	3278.832
40.941	3278.391
40.948	3277.735
40.959	3277.404
40.976	3277.141
40.982	3276.269
40.983	3276.098
40.988	3276.022
40.993	3275.726
40.996	3175.031
41.002	3053.038
41.010	3051.929
41.012	3051.665
41.022	3050.314
41.027	3049.563
41.028	3049.099
41.045	3048.892
41.049	3166.879
41.050	3166.613
41.073	3165.977
41.075	3165.372
41.082	3164.221
41.097	3040.824
41.112	3040.264
41.119	3040.060
41.129	3039.703
41.132	3038.781
41.136	3038.552
41.145	3038.037
41.157	3036.930
41.168	3036.298
41.174	3036.144
41.178	3034.807
41.179	3034.486
41.182	3033.615
41.196	3033.403
41.201	3006.851
41.205	3005.357
41.212	3005.243
41.215	3003.475
41.215	3003.367
41.217	2946.493
41.218	2945.387
41.218	2944.698
41.222	2943.896
41.227	2942.284
41.231	2942.122
41.231	2940.757
41.232	2940.596
41.243	2940.165
41.257	2939.816
41.278	2938.285
41.282	2938.142
41.285	2937.603
41.291	2937.536
41.294	2936.433
41.301	2935.343
41.306	2935.056
41.310	2934.719
41.320	2933.778
41.320	2933.490
41.335	2933.287
41.344	3099.663
41.346	3099.574
41.370	3099.461
41.372	3097.877
41.379	3096.166
41.387	3095.738
41.404	3094.969
41.418	3094.592
41.418	3094.316
41.421	3093.681
41.426	3093.425
41.433	3092.233
41.441	3092.134
41.458	3091.469
41.467	3091.220
41.469	3089.311
41.487	3291.976
41.499	3291.812
41.500	3073.904
41.510	3073.328
41.511	3073.132
41.513	3072.626
41.533	3072.421
41.534	3071.985
41.535	3071.676
41.538	3070.992
41.547	3067.236
41.565	3065.565
41.572	3065.218
41.581	3064.571
41.583	3064.337
41.586	3063.040
41.598	3062.856
41.613	3062.372
41.615	3062.064
41.626	3061.975
41.627	3061.434
41.633	3059.746
41.636	3059.473
41.638	3057.047
41.646	3056.291
41.661	3055.936
41.663	3055.780
41.664	3055.045
41.666	3168.416
41.673	3168.120
41.688	3167.949
41.692	3167.591
41.696	3167.345
41.711	3167.224
41.711	3166.629
41.725	3166.438
41.735	3166.175
41.735	3165.667
41.755	3165.516
41.756	3164.982
41.760	3164.839
41.766	3164.663
41.778	3003.642
41.782	3002.683
41.789	3002.271
41.792	3000.811
41.811	2999.194
41.818	2998.792
41.829	2998.766
41.836	2997.250
41.837	2996.902
41.837	2996.503
41.851	2995.737
41.852	2995.127
41.860	2994.453
41.866	2994.294
41.873	2993.847
41.875	2892.439
41.899	2891.784
41.950	2891.697
41.952	2891.514
41.957	2891.084
41.959	2890.955
41.966	2890.698
41.999	2890.208
41.999	2889.645
42.007	2889.198
42.009	2690.699
42.010	2689.523
42.022	2689.252
42.050	2689.031
42.050	2688.934
42.060	2688.541
42.064	2688.326
42.077	2688.076
42.110	2687.660
42.111	2687.432
42.117	2687.067
42.123	2686.171
42.148	2685.974
42.154	2684.143
42.164	2682.715
42.170	2681.817
42.181	2681.682
42.201	2681.583
42.204	2681.505
42.220	2679.675
42.229	2677.906
42.232	2677.767
42.233	2677.439
42.249	2677.296
42.249	2677.113
42.262	2677.040
42.266	2676.707
42.282	2558.431
42.291	2557.280
42.303	2556.079
42.317	2555.976
42.319	2555.816
42.323	2555.739
42.327	2654.425
42.330	2654.313
42.351	2654.125
42.352	2652.769
42.379	2652.176
42.387	2652.140
42.398	2651.983
42.399	2651.639
42.400	2651.052
42.406	2650.905
42.414	2649.839
42.424	2649.366
42.458	2648.753
42.463	2647.642
42.464	2647.201
42.486	2646.970
42.493	2646.669
42.510	2646.263
42.516	2742.647
42.519	2742.492
42.519	2742.373
42.537	2741.902
42.545	2741.545
42.563	2741.440
42.568	2741.342
42.568	2741.183
42.603	2647.115
42.635	2646.977
42.640	2645.836
42.643	2643.371
42.672	2643.193
42.704	2642.210
42.709	2641.963
42.715	2641.623
42.727	2641.090
42.732	2640.766
42.737	2639.997
42.757	2554.755
42.758	2554.592
42.780	2554.365
42.818	2553.929
42.824	2553.022
42.844	2551.919
42.853	2550.811
42.874	2550.465
42.876	2550.331
42.882	2550.254
42.908	2550.038
42.917	2549.803
42.922	2549.265
42.922	2548.918
42.928	2547.767
42.945	2547.687
42.975	2547.549
43.007	2546.507
43.056	2546.347
43.077	2545.983
43.079	2545.677
43.102	2541.760
43.152	2541.256
43.176	2540.529
43.240	2540.191
43.242	2539.757
43.344	2537.231
43.346	2537.197
43.346	2536.442
43.352	2536.097
43.371	2535.645
43.413	2532.603
43.425	2532.096
43.466	2531.999
43.568	2531.290
43.573	2530.832
43.710	2530.301
43.738	2528.788
43.753	2528.201
43.798	2527.877
43.808	2527.728
43.831	2527.205
43.886	2526.926
44.005	2526.337
44.087	2525.838
44.116	2525.584
44.166	2525.444
44.283	2525.329
44.344	2525.221
44.427	2524.646
44.549	2521.068
44.562	2520.846
44.650	2520.188
44.789	2519.757
44.843	2519.698
44.927	2519.196
47.240	2518.292
47.334	2514.259
47.739	2641.428
47.757	2640.203
47.831	2636.445
47.946	2739.961
48.011	2737.370
48.091	2617.350
48.144	2657.040
48.153	2847.594
48.205	2838.960
48.241	2906.189
48.315	2902.520
48.381	2902.058
48.393	3048.005
48.488	2949.894
48.498	2916.075
48.581	2859.927
48.587	2946.375
48.597	2806.198
48.627	2622.237
48.657	2621.853
48.662	2749.351
48.677	2744.795
48.680	2544.856
48.728	2544.385
48.736	2631.304
48.738	2698.495
48.750	2697.910
48.794	2694.780
48.844	2691.680
48.848	2690.325
48.858	2689.917
48.897	2630.121
48.900	2626.425
48.903	2547.813
48.904	2711.128
48.906	2709.961
48.914	2852.831
48.919	2733.634
48.955	2732.464
48.958	2790.455
48.982	2712.836
49.009	2712.398
49.017	2712.117
49.033	2711.162
49.072	2710.949
49.090	2710.595
49.091	2838.322
49.096	2912.949
49.097	3048.824
49.132	3048.755
49.139	3045.354
49.168	3042.017
49.179	3235.237
49.186	3303.901
49.200	3303.787
49.204	3511.823
49.232	3579.342
49.252	3578.259
49.273	3694.060
49.307	3693.839
49.315	3691.975
49.321	3690.743
49.368	3689.237
49.382	3687.814
49.404	3630.314
49.425	3501.765
49.428	3501.216
49.461	3500.756
49.466	3367.046
49.490	3366.529
49.580	3366.331
49.581	3502.884
49.605	3502.118
49.611	3570.947
49.616	3570.153
49.620	3568.471
49.624	3445.797
49.628	3336.020
49.629	3335.864
49.629	3334.948
49.648	3148.214
49.666	3147.860
49.671	3197.328
49.679	3196.167
49.687	3195.940
49.697	3195.436
49.712	3195.102
49.723	3191.855
49.729	3191.688
49.737	3131.236
49.746	3307.731
49.761	3234.792
49.786	3234.247
49.806	3233.713
49.812	3389.330
49.815	3388.822
49.818	3388.320
49.825	3602.561
49.849	3602.464
49.859	3599.104
49.866	3473.671
49.879	3472.990
49.885	3468.930
49.886	3468.786
49.891	3468.309
49.928	3520.801
49.947	3661.103
49.952	3660.976
49.965	3593.978
49.967	3711.958
49.970	3710.663
49.997	3710.480
50.016	3793.231
50.025	3792.078
50.043	3788.208
50.044	3788.196
50.046	3787.678
50.048	3719.536
50.049	3833.224
50.060	3833.069
50.066	3828.273
50.068	3825.787
50.072	3617.341
50.073	3748.165
50.076	3701.967
50.085	3700.838
50.090	3653.268
50.094	3488.037
50.103	3487.499
50.107	3644.956
50.112	3644.563
50.124	3786.326
50.125	3783.025
50.131	3620.522
50.157	3812.369
50.158	3811.455
50.159	3811.300
50.160	3810.754
50.165	3945.690
50.178	3945.256
50.184	3944.941
50.210	3944.777
50.215	3943.840
50.226	3943.411
50.230	3942.402
50.238	3941.699
50.269	3941.456
50.276	3941.016
50.285	3940.530
50.291	3939.369
50.293	3939.049
50.301	4061.775
50.306	4059.197
50.307	3925.337
50.314	3925.048
50.317	3924.605
50.318	3924.308
50.326	3922.401
50.327	3922.121
50.335	3921.504
50.343	3921.189
50.345	3920.642
50.354	4146.908
50.354	4144.505
50.371	4144.300
50.381	4144.189
50.382	4144.050
50.399	4143.675
50.424	4143.415
50.437	4142.847
50.443	4142.628
50.443	4142.111
50.444	4140.751
50.444	4140.515
50.444	4139.942
50.454	4139.608
50.457	4137.948
50.471	4011.573
50.481	3900.033
50.483	3899.773
50.487	3899.230
50.494	3898.835
50.496	3898.631
50.505	3898.045
50.512	3897.813
50.513	3894.329
50.522	3894.071
50.541	3893.435
50.546	3893.306
50.549	3891.251
50.559	3759.091
50.559	3758.722
50.559	3758.238
50.563	3757.799
50.563	3757.639
50.590	3757.151
50.590	3932.267
50.598	3932.077
50.598	3931.490
50.617	3931.105
50.623	3930.772
50.624	3930.446
50.636	3930.291
50.636	3812.615
50.658	3703.883
50.691	3703.586
50.702	3710.634
50.706	3710.317
50.718	3709.985
50.719	3709.703
50.723	3707.205
50.724	3704.295
50.728	3704.020
50.734	3703.609
50.737	3701.381
50.755	3700.729
50.761	3700.383
50.764	3501.790
50.765	3283.549
50.782	3283.407
50.785	3387.714
50.799	3386.942
50.800	3386.543
50.814	3385.225
50.823	3384.999
50.823	3384.633
50.843	3308.528
50.848	3307.148
50.852	3305.775
50.876	3304.506
50.879	3303.958
50.885	3303.230
50.900	3300.822
50.901	3300.626
50.937	3168.253
50.947	3239.118
50.949	3397.043
50.953	3392.211
50.953	3391.777
50.963	3391.151
50.973	3390.556
50.990	3243.059
50.996	3242.641
50.998	3242.408
50.999	3242.173
51.014	3095.102
51.040	3093.570
51.046	3092.915
51.049	3091.979
51.049	3091.564
51.050	3091.432
51.052	3090.669
51.055	3089.527
51.066	3086.025
51.076	3085.112
51.076	2900.639
51.081	2899.324
51.102	2899.128
51.103	3067.464
51.116	3006.441
51.117	3006.316
51.133	3006.125
51.139	3005.770
51.140	3005.401
51.152	3005.139
51.152	3003.421
51.152	3002.999
51.169	3002.818
51.180	3000.748
51.200	2999.714
51.209	2998.967
51.219	2998.493
51.220	2997.951
51.220	2997.861
51.223	2997.611
51.228	2997.182
51.233	2997.036
51.237	2995.926
51.253	2995.186
51.254	2995.065
51.269	2994.563
51.270	2994.019
51.278	2993.752
51.280	2992.991
51.287	2991.560
51.293	2991.508
51.295	2991.215
51.299	2989.764
51.324	2988.654
51.333	2987.789
51.343	2987.218
51.346	2987.165
51.353	2826.641
51.359	2826.307
51.359	2825.305
51.369	2824.718
51.378	2823.805
51.387	2823.094
51.392	2822.592
51.403	2822.431
51.404	2822.396
51.407	2821.972
51.408	2821.762
51.409	2821.527
51.438	2821.141
51.448	2820.782
51.468	2820.198
51.477	2819.022
51.490	2817.072
51.504	2816.456
51.507	2816.208
51.517	2813.437
51.526	2810.693
51.543	2806.802
51.545	2806.705
51.550	2806.050
51.551	2805.445
51.557	2805.286
51.573	2804.843
51.584	2804.344
51.586	2803.692
51.594	2802.712
51.600	2802.438
51.604	2801.740
51.604	2797.914
51.610	2797.501
51.613	2797.266
51.615	2796.912
51.617	2796.479
51.636	2795.417
51.639	2794.914
51.648	2794.539
51.666	2793.698
51.678	2790.226
51.681	2790.088
51.702	2788.091
51.707	2787.757
51.716	2787.622
51.725	2787.403
51.728	2786.641
51.729	2786.202
51.731	2613.574
51.732	2613.268
51.736	2612.742
51.754	2609.276
51.773	2512.244
51.777	2512.008
51.800	2511.887
51.800	2511.457
51.804	2511.014
51.808	2510.767
51.834	2510.327
51.836	2509.894
51.840	2508.697
51.850	2507.790
51.855	2507.480
51.856	2506.947
51.858	2506.539
51.878	2506.306
51.883	2505.983
51.897	2505.838
51.904	2505.527
51.920	2505.220
51.924	2504.453
51.934	2503.909
51.939	2503.644
51.944	2503.419
51.948	2549.763
51.950	2548.616
51.954	2548.191
51.970	2548.063
51.979	2547.096
51.987	2546.892
51.997	2546.714
52.013	2396.403
52.017	2396.054
52.021	2392.814
52.033	2388.227
52.041	2388.170
52.051	2387.369
52.059	2387.029
52.060	2386.606
52.067	2386.397
52.070	2386.144
52.087	2385.696
52.088	2384.608
52.096	2380.575
52.100	2342.509
52.113	2342.356
52.115	2342.052
52.132	2341.902
52.140	2340.899
52.158	2340.241
52.167	2340.034
52.179	2339.612
52.183	2339.350
52.186	2338.960
52.189	2338.636
52.192	2337.731
52.192	2337.618
52.216	2337.382
52.227	2336.720
52.228	2336.504
52.265	2336.115
52.269	2335.326
52.269	2334.210
52.281	2333.368
52.284	2333.107
52.296	2332.540
52.304	2332.143
52.304	2331.823
52.315	2330.884
52.319	2330.384
52.323	2329.584
52.336	2329.407
52.350	2329.291
52.351	2329.144
52.374	2328.892
52.378	2328.442
52.404	2328.185
52.414	2327.976
52.419	2327.081
52.426	2326.961
52.465	2326.476
52.474	2325.502
52.482	2325.277
52.489	2324.533
52.523	2323.877
52.525	2323.341
52.530	2323.279
52.533	2323.058
52.547	2322.938
52.595	2322.216
52.616	2321.759
52.620	2321.527
52.646	2321.193
52.646	2321.143
52.680	2320.434
52.722	2489.518
52.742	2489.115
52.749	2488.883
52.791	2487.579
52.791	2487.427
52.795	2487.201
52.852	2486.778
52.884	2486.007
52.890	2485.715
52.900	2485.252
52.902	2484.901
52.915	2327.998
52.925	2326.921
52.962	2326.851
52.982	2326.752
53.005	2326.227
53.023	2325.060
53.046	2324.877
53.055	2323.994
53.062	2478.053
53.087	2475.815
53.093	2475.373
53.170	2474.059
53.183	2473.460
53.183	2473.360
53.202	2649.111
53.235	2648.782
53.248	2648.182
53.257	2648.026
53.259	2647.760
53.263	2647.315
53.289	2647.181
53.361	2646.763
53.388	2646.648
53.468	2646.501
53.512	2646.262
53.525	2646.220
53.584	2646.065
53.660	2645.152
53.676	2499.288
53.682	2499.060
53.685	2498.944
53.733	2496.797
53.739	2496.633
53.764	2496.509
53.842	2325.408
53.856	2322.870
53.873	2322.530
53.877	2321.771
53.933	2321.634
53.967	2321.449
54.041	2321.273
54.049	2320.626
54.070	2319.297
54.108	2315.478
54.116	2313.648
54.140	2313.522
54.143	2313.093
54.192	2312.922
54.379	2311.972
54.403	2311.275
54.432	2310.665
54.524	2306.966
54.538	2306.739
54.561	2306.065
54.664	2305.704
54.683	2303.681
54.703	2301.805
54.777	2301.407
54.834	2301.238
54.902	2300.454
54.914	2299.915
54.977	2299.237
55.074	2299.145
55.123	2298.735
55.127	2298.086
55.188	2297.923
55.228	2297.376
55.303	2297.163
55.400	2295.955
55.490	2295.067
55.537	2291.465
56.815	2288.930
57.171	2284.756
57.598	2419.942
57.717	2532.398
57.788	2528.958
57.802	2703.942
57.805	2703.274
57.872	2576.924
57.934	2576.856
58.035	2474.985
58.075	2628.853
58.151	2784.850
58.211	2784.103
58.268	2813.703
58.282	2974.743
58.341	2824.341
58.400	2824.105
58.410	2801.711
58.420	2882.682
58.442	2881.841
58.445	3031.588
58.494	3030.669
58.500	3027.898
58.539	3132.666
58.542	3131.731
58.603	3131.074
58.609	3129.898
58.612	2986.758
58.627	2985.958
58.643	2985.243
58.645	2843.634
58.693	2999.167
58.695	2847.064
58.710	2935.086
58.735	2932.954
58.749	2966.572
58.765	2961.532
58.814	2993.593
58.814	2992.722
58.829	2890.837
58.840	3035.228
58.845	3034.371
58.851	3033.350
58.872	3031.859
58.883	2958.646
58.903	2958.245
58.905	3010.747
58.929	3010.317
58.941	2979.633
58.969	3128.628
58.977	3128.429
59.002	3127.876
59.036	3198.558
59.061	3351.356
59.072	3350.404
59.077	3347.556
59.082	3347.128
59.088	3345.392
59.128	3445.124
59.129	3444.919
59.149	3443.208
59.154	3396.977
59.156	3396.054
59.165	3318.830
59.170	3509.317
59.216	3507.826
59.225	3644.793
59.231	3644.564
59.239	3581.570
59.243	3579.071
59.252	3577.214
59.265	3576.465
59.284	3575.857
59.297	3728.236
59.300	3727.064
59.303	3579.561
59.320	3434.419
59.321	3433.722
59.348	3432.942
59.353	3340.787
59.359	3340.440
59.384	3340.259
59.389	3340.122
59.398	3339.272
59.399	3338.710
59.408	3337.628
59.409	3337.352
59.424	3312.256
59.431	3177.096
59.439	3176.151
59.453	3175.965
59.459	3032.049
59.476	3031.714
59.493	3029.232
59.504	3028.005
59.506	3027.651
59.513	3024.096
59.520	3023.600
59.524	3023.384
59.558	3023.180
59.582	3022.846
59.586	3021.178
59.598	3020.573
59.601	3019.792
59.602	3019.561
59.607	3019.118
59.616	3018.814
59.617	3018.240
59.636	3018.074
59.651	3017.788
59.668	3090.915
59.688	3090.012
59.689	3089.710
59.708	3088.056
59.712	3087.718
59.718	3085.537
59.725	3085.117
59.727	3084.342
59.731	3271.874
59.731	3270.535
59.734	3270.266
59.744	3269.961
59.759	3269.217
59.763	3268.935
59.782	3268.805
59.783	3268.606
59.798	3267.414
59.802	3456.160
59.804	3455.936
59.804	3455.626
59.813	3559.298
59.826	3675.035
59.871	3666.267
59.873	3805.834
59.875	3805.673
59.883	3803.819
59.884	3802.191
59.885	3739.264
59.892	3738.801
59.911	3738.154
59.918	3737.704
59.919	3923.987
59.926	4129.419
59.956	4126.900
59.980	4126.701
59.985	4255.911
59.993	4253.768
60.000	4253.690
1200.000	4253.690
