0.000	Inf
0.052	Inf
0.054	Inf
0.054	Inf
0.054	Inf
0.055	Inf
0.055	Inf
0.056	Inf
0.057	Inf
0.057	Inf
0.057	Inf
0.057	Inf
0.057	Inf
0.057	Inf
0.058	Inf
0.058	Inf
0.058	Inf
0.058	Inf
0.058	Inf
0.058	Inf
0.058	Inf
0.058	Inf
0.059	Inf
0.059	Inf
0.059	Inf
0.059	Inf
0.059	Inf
0.059	Inf
0.059	Inf
0.060	Inf
0.060	Inf
0.060	Inf
0.060	Inf
0.060	Inf
0.060	Inf
0.060	Inf
0.061	Inf
0.061	Inf
0.061	Inf
0.061	Inf
0.062	Inf
0.062	Inf
0.063	Inf
0.067	Inf
0.070	Inf
0.072	Inf
0.075	Inf
0.076	Inf
0.077	Inf
0.090	Inf
0.096	Inf
0.104	Inf
0.107	Inf
0.112	Inf
0.115	Inf
0.119	Inf
0.119	Inf
0.120	Inf
0.123	Inf
0.123	Inf
0.124	Inf
0.124	Inf
0.124	Inf
0.124	Inf
0.129	Inf
0.129	Inf
0.130	Inf
0.133	Inf
0.134	Inf
0.138	Inf
0.139	Inf
0.142	Inf
0.148	Inf
0.150	Inf
0.150	Inf
0.153	Inf
0.154	Inf
0.156	Inf
0.156	Inf
0.157	Inf
0.157	Inf
0.158	Inf
0.159	Inf
0.160	Inf
0.161	Inf
0.163	Inf
0.166	Inf
0.167	Inf
0.169	Inf
0.170	Inf
0.173	Inf
0.173	Inf
0.173	Inf
0.174	Inf
0.176	Inf
0.177	Inf
0.178	Inf
0.179	Inf
0.181	Inf
0.181	Inf
0.187	Inf
0.187	933.355
0.190	930.094
0.191	928.502
0.192	923.171
0.193	911.652
0.197	909.850
0.197	907.803
0.198	905.782
0.199	904.585
0.203	903.956
0.204	903.956
0.205	902.587
0.206	900.952
0.207	898.719
0.207	897.437
0.210	895.722
0.210	892.634
0.216	881.005
0.219	880.453
0.219	876.623
0.224	875.534
0.225	860.001
0.225	859.234
0.228	857.539
0.233	856.106
0.234	853.729
0.235	849.554
0.235	848.853
0.236	845.981
0.236	844.887
0.237	844.445
0.237	843.379
0.239	842.765
0.239	839.287
0.240	838.258
0.242	834.913
0.243	832.336
0.245	830.364
0.247	828.102
0.248	825.478
0.252	824.602
0.252	824.367
0.252	823.455
0.254	822.804
0.256	821.367
0.258	811.476
0.258	810.553
0.259	808.823
0.259	805.911
0.259	802.403
0.260	801.069
0.263	799.623
0.264	797.646
0.269	797.646
0.273	797.646
0.276	796.815
0.276	793.259
0.278	790.941
0.282	786.940
0.285	786.940
0.293	785.497
0.293	785.284
0.296	780.037
0.302	777.688
0.309	773.343
0.310	770.465
0.314	766.991
0.318	766.260
0.319	764.300
0.320	763.464
0.320	758.873
0.322	756.664
0.331	749.188
0.333	748.959
0.344	747.833
0.344	745.251
0.349	745.251
0.353	745.251
0.354	743.614
0.355	740.815
0.360	740.250
0.362	739.260
0.367	738.280
0.371	737.958
0.382	737.139
0.388	735.218
0.395	733.213
0.400	731.787
0.404	729.167
0.406	728.122
0.408	725.564
0.417	722.301
0.424	721.029
0.434	717.210
0.439	712.773
0.440	712.195
0.457	712.005
0.474	711.813
0.477	711.509
0.490	708.627
0.503	708.382
0.509	708.382
0.509	704.657
0.519	702.919
0.525	702.605
0.526	702.347
0.583	702.263
0.595	701.546
0.612	700.002
0.628	699.751
0.643	699.717
0.662	699.717
0.700	697.398
0.714	696.056
0.788	693.961
0.801	693.711
0.835	693.711
0.847	693.699
0.872	693.699
0.876	693.182
0.883	689.400
0.945	689.237
0.969	687.685
0.994	685.278
1.064	679.388
1.150	679.234
1.168	679.063
1.202	679.063
1.288	678.555
1.358	678.536
1.391	678.536
1.473	678.010
1.560	674.041
1.592	673.948
1.623	673.948
1.645	672.687
1.724	672.237
1.759	671.927
1.769	671.912
1.802	671.912
1.861	671.740
1.888	671.251
1.895	671.251
1.925	671.010
1.932	670.518
1.972	667.090
1.974	666.071
1.981	665.963
1.999	665.725
2.020	665.570
2.022	665.481
2.024	664.870
2.024	663.607
2.031	663.208
2.033	662.750
2.034	662.408
2.036	662.129
2.042	661.406
2.042	661.039
2.052	660.511
2.056	659.727
2.062	659.435
2.068	658.374
2.078	657.620
2.080	657.156
2.081	656.649
2.097	656.011
2.098	655.769
2.110	654.868
2.111	654.441
2.121	654.048
2.134	653.877
2.148	653.258
2.156	652.722
2.164	651.924
2.171	650.717
2.179	650.638
2.186	650.130
2.189	649.766
2.196	648.776
2.200	648.368
2.208	648.368
2.210	647.558
2.227	647.217
2.254	647.055
2.267	646.730
2.276	646.110
2.280	646.106
2.283	645.937
2.288	645.239
2.302	644.199
2.313	644.063
2.322	643.369
2.323	643.326
2.327	643.205
2.357	643.205
2.383	642.578
2.397	642.570
2.398	642.558
2.404	637.187
2.431	637.187
2.442	637.159
2.483	637.036
2.489	636.426
2.498	635.559
2.508	634.722
2.516	634.623
2.536	633.656
2.537	633.254
2.601	633.174
2.653	628.390
2.669	628.035
2.739	627.511
2.832	627.417
2.866	627.417
3.096	627.399
3.129	627.399
3.295	627.369
3.326	627.305
3.334	627.251
3.341	627.194
3.426	626.929
3.511	626.903
3.586	626.557
3.675	621.178
3.717	621.060
3.760	620.422
3.763	620.349
3.795	620.248
3.824	619.979
3.826	619.875
3.828	619.869
3.829	619.697
3.829	619.570
3.833	619.421
3.834	619.221
3.842	619.101
3.845	618.831
3.856	618.667
3.856	618.522
3.862	618.522
3.864	618.400
3.873	618.273
3.882	618.188
3.884	618.016
3.901	617.861
3.911	617.668
3.921	617.592
3.924	617.462
3.948	617.454
3.950	617.258
3.958	617.131
3.962	617.056
3.966	616.965
3.974	616.878
3.983	616.696
3.989	616.517
3.994	616.306
3.996	616.095
4.013	616.013
4.034	615.999
4.068	615.999
4.079	615.930
4.086	615.739
4.100	615.653
4.116	615.477
4.125	615.318
4.125	615.210
4.129	615.125
4.139	615.051
4.140	614.881
4.167	614.880
4.261	614.757
4.288	614.561
4.306	614.468
4.340	614.256
4.346	614.248
4.446	613.985
4.459	613.749
4.532	613.535
4.959	613.506
4.988	613.450
1200.000	613.450
