0.000	Inf
0.050	Inf
0.050	Inf
0.050	Inf
0.050	Inf
0.050	Inf
0.050	Inf
0.050	Inf
0.050	Inf
0.050	Inf
0.050	Inf
0.050	Inf
0.050	Inf
0.050	Inf
0.050	Inf
0.050	Inf
0.050	Inf
0.050	Inf
0.050	Inf
0.050	Inf
0.050	Inf
0.050	Inf
0.050	Inf
0.050	Inf
0.050	Inf
0.050	Inf
0.050	Inf
0.050	Inf
0.050	Inf
0.050	Inf
0.050	Inf
0.050	Inf
0.050	Inf
0.050	Inf
0.050	Inf
0.050	Inf
0.050	Inf
0.050	Inf
0.050	Inf
0.051	Inf
0.052	Inf
0.052	Inf
0.052	Inf
0.052	Inf
0.052	Inf
0.052	Inf
0.052	Inf
0.052	Inf
0.052	Inf
0.053	Inf
0.095	Inf
0.095	Inf
0.095	Inf
0.096	Inf
0.096	Inf
0.096	Inf
0.096	Inf
0.096	Inf
0.096	Inf
0.096	Inf
0.096	Inf
0.096	Inf
0.096	Inf
0.096	Inf
0.096	Inf
0.096	Inf
0.096	Inf
0.096	Inf
0.096	Inf
0.096	Inf
0.096	Inf
0.096	Inf
0.096	Inf
0.096	Inf
0.096	Inf
0.096	Inf
0.096	Inf
0.096	Inf
0.096	Inf
0.096	Inf
0.096	Inf
0.096	Inf
0.096	Inf
0.096	Inf
0.096	Inf
0.096	Inf
0.097	Inf
0.097	Inf
0.098	Inf
0.098	Inf
0.098	Inf
0.099	Inf
0.099	Inf
0.099	Inf
0.100	Inf
0.100	Inf
0.100	Inf
0.100	Inf
0.101	Inf
0.138	242.432
0.141	242.306
0.141	242.152
0.141	241.955
0.141	241.773
0.141	241.685
0.141	241.510
0.142	241.389
0.142	241.290
0.142	241.178
0.142	241.015
0.142	240.922
0.142	240.835
0.142	240.645
0.142	240.536
0.142	240.439
0.142	240.330
0.142	240.039
0.142	239.906
0.142	239.806
0.142	239.584
0.142	239.307
0.142	239.212
0.142	239.050
0.142	238.937
0.142	238.705
0.142	238.595
0.142	238.453
0.142	238.314
0.142	238.191
0.142	238.016
0.142	237.904
0.142	237.732
0.142	237.604
0.142	237.418
0.142	237.338
0.142	237.280
0.143	237.241
0.143	237.122
0.144	236.998
0.144	236.859
0.145	236.758
0.147	236.628
0.147	236.560
0.147	236.517
0.147	236.197
0.148	236.017
0.148	235.839
0.148	235.663
0.149	235.518
0.187	235.353
0.187	235.211
0.187	235.086
0.187	234.917
0.187	234.784
0.187	234.731
0.187	234.542
0.187	234.405
0.187	234.240
0.187	234.117
0.187	234.011
0.188	233.908
0.188	233.669
0.188	233.558
0.188	233.500
0.188	233.444
0.188	233.276
0.188	233.235
0.188	233.122
0.188	232.914
0.188	232.852
0.188	232.636
0.188	232.504
0.188	232.436
0.188	232.163
0.188	232.163
0.188	232.080
0.188	231.878
0.188	231.773
0.188	231.633
0.188	231.436
0.188	231.379
0.188	231.181
0.188	231.109
0.188	230.905
0.188	230.725
0.189	230.596
0.189	230.468
0.189	230.367
0.190	230.298
0.191	230.119
0.191	229.983
0.194	229.813
0.194	229.776
0.195	229.514
0.195	229.400
0.196	229.168
0.196	229.147
0.196	228.951
0.197	228.837
0.233	228.639
0.233	228.587
0.233	228.455
0.233	228.338
0.233	228.208
0.233	227.982
0.233	227.732
0.233	227.732
0.233	227.674
0.233	227.528
0.233	227.393
0.233	227.275
0.233	226.995
0.233	226.775
0.233	226.760
0.233	226.671
0.234	226.542
0.234	226.318
0.234	226.275
0.234	226.180
0.234	226.036
0.234	225.893
0.234	225.817
0.234	225.674
0.234	225.633
0.234	225.487
0.234	225.466
0.234	225.360
0.234	225.277
0.234	225.131
0.234	225.085
0.234	224.911
0.234	224.799
0.234	224.676
0.234	224.446
0.235	224.183
0.235	224.014
0.236	223.831
0.236	223.765
0.237	223.608
0.237	223.535
0.242	223.403
0.242	223.258
0.242	223.189
0.243	223.100
0.243	223.072
0.244	222.996
0.244	222.799
0.245	222.579
0.245	222.488
0.279	222.331
0.279	222.143
0.279	222.022
0.279	221.868
0.279	221.656
0.279	221.541
0.279	221.493
0.279	221.314
0.279	221.239
0.279	221.054
0.279	220.856
0.279	220.562
0.279	220.562
0.279	220.496
0.279	220.446
0.279	220.244
0.279	220.134
0.279	219.929
0.279	219.869
0.279	219.826
0.280	219.714
0.280	219.588
0.280	219.469
0.280	219.279
0.280	219.195
0.280	219.098
0.280	219.020
0.280	218.979
0.280	218.858
0.280	218.711
0.280	218.635
0.280	218.438
0.280	218.318
0.280	218.257
0.280	218.177
0.281	218.101
0.281	218.030
0.282	217.847
0.282	217.733
0.283	217.608
0.283	217.534
0.289	217.465
0.290	217.342
0.290	217.256
0.291	217.150
0.291	217.026
0.292	216.930
0.292	216.708
0.293	216.599
0.294	216.421
0.325	216.279
0.325	216.262
0.325	216.217
0.325	216.123
0.325	216.026
0.325	215.903
0.325	215.664
0.325	215.569
0.325	215.526
0.325	215.452
0.325	215.322
0.325	215.273
0.325	215.169
0.325	215.045
0.325	214.986
0.325	214.760
0.325	214.648
0.325	214.525
0.325	214.389
0.325	214.259
0.325	214.177
0.325	214.033
0.325	213.863
0.326	213.771
0.326	213.699
0.326	213.624
0.326	213.507
0.326	213.304
0.326	213.181
0.326	212.947
0.326	212.932
0.326	212.858
0.326	212.748
0.326	212.641
0.326	212.498
0.327	212.408
0.328	212.278
0.328	212.210
0.329	212.071
0.329	211.975
0.330	211.890
0.337	211.860
0.337	211.744
0.337	211.640
0.339	211.475
0.339	211.349
0.340	211.193
0.340	211.067
0.341	210.972
0.342	210.875
0.371	210.753
0.371	210.585
0.371	210.483
0.371	210.365
0.371	210.321
0.371	210.249
0.371	210.212
0.371	209.986
0.371	209.986
0.371	209.868
0.371	209.760
0.371	209.673
0.371	209.571
0.371	209.460
0.371	209.407
0.371	209.203
0.371	209.032
0.371	208.895
0.371	208.763
0.371	208.612
0.371	208.427
0.371	208.339
0.371	208.224
0.371	208.111
0.371	207.994
0.371	207.952
0.372	207.721
0.372	207.639
0.372	207.550
0.372	207.488
0.372	207.421
0.372	207.324
0.372	207.249
0.372	207.102
0.372	206.989
0.373	206.876
0.374	206.746
0.375	206.623
0.375	206.558
0.376	206.466
0.376	206.369
0.384	206.332
0.384	206.221
0.385	206.149
0.386	206.088
0.387	205.960
0.387	205.835
0.388	205.766
0.389	205.755
0.390	205.618
0.416	205.518
0.416	205.412
0.417	205.269
0.417	205.043
0.417	205.010
0.417	204.866
0.417	204.779
0.417	204.646
0.417	204.554
0.417	204.477
0.417	204.424
0.417	204.338
0.417	204.273
0.417	204.185
0.417	204.075
0.417	204.013
0.417	203.913
0.417	203.778
0.417	203.708
0.417	203.641
0.417	203.542
0.417	203.454
0.417	203.341
0.417	203.256
0.417	203.146
0.417	203.044
0.418	202.944
0.418	202.885
0.418	202.644
0.418	202.544
0.418	202.501
0.418	202.438
0.418	202.311
0.418	202.069
0.418	201.939
0.419	201.848
0.420	201.766
0.421	201.680
0.421	201.580
0.422	201.477
0.422	201.416
0.432	201.241
0.432	201.198
0.432	201.142
0.434	201.039
0.435	200.892
0.435	200.772
0.435	200.625
0.437	200.582
0.438	200.511
0.462	200.423
0.462	200.311
0.462	200.199
0.463	200.106
0.463	199.985
0.463	199.857
0.463	199.762
0.463	199.688
0.463	199.631
0.463	199.455
0.463	199.331
0.463	199.161
0.463	199.051
0.463	199.001
0.463	198.955
0.463	198.888
0.463	198.857
0.463	198.756
0.463	198.600
0.463	198.450
0.463	198.365
0.463	198.309
0.463	198.140
0.463	198.039
0.463	198.034
0.463	197.910
0.463	197.845
0.463	197.748
0.464	197.719
0.464	197.630
0.464	197.494
0.464	197.440
0.464	197.356
0.464	197.257
0.465	197.162
0.465	197.060
0.467	196.961
0.467	196.870
0.468	196.822
0.468	196.777
0.469	196.684
0.479	196.558
0.479	196.501
0.480	196.437
0.482	196.270
0.482	196.181
0.483	196.098
0.483	196.008
0.485	195.820
0.486	195.717
0.508	195.621
0.508	195.521
0.508	195.415
0.508	195.299
0.508	195.153
0.508	195.108
0.508	194.948
0.508	194.772
0.509	194.728
0.509	194.687
0.509	194.551
0.509	194.494
0.509	194.438
0.509	194.333
0.509	194.229
0.509	194.162
0.509	194.109
0.509	194.025
0.509	193.881
0.509	193.805
0.509	193.778
0.509	193.606
0.509	193.550
0.509	193.421
0.509	193.330
0.510	193.289
0.510	193.278
0.510	193.175
0.510	193.080
0.510	192.959
0.510	192.880
0.510	192.817
0.510	192.750
0.510	192.659
0.511	192.369
0.511	192.256
0.513	192.208
0.514	192.094
0.514	192.000
0.515	191.922
0.515	191.839
0.527	191.743
0.527	191.680
0.527	191.599
0.530	191.515
0.530	191.394
0.531	191.178
0.531	191.171
0.533	190.979
0.533	190.878
0.554	190.814
0.554	190.780
0.554	190.715
0.554	190.663
0.554	190.588
0.554	190.475
0.554	190.280
0.555	190.210
0.555	190.110
0.555	190.067
0.555	190.055
0.555	190.002
0.555	189.930
0.555	189.901
0.555	189.846
0.555	189.798
0.555	189.721
0.555	189.622
0.555	189.577
0.555	189.485
0.555	189.364
0.555	189.260
0.555	189.211
0.555	189.168
0.555	189.120
0.555	189.072
0.555	188.945
0.556	188.810
0.556	188.708
0.556	188.597
0.556	188.514
0.556	188.457
0.556	188.351
0.556	188.251
0.557	188.085
0.557	187.984
0.560	187.811
0.560	187.719
0.560	187.668
0.561	187.583
0.561	187.528
0.574	187.445
0.574	187.377
0.575	187.312
0.578	187.225
0.578	187.037
0.579	186.892
0.579	186.802
0.581	186.702
0.581	186.614
0.600	186.509
0.600	186.397
0.600	186.283
0.600	186.156
0.600	186.039
0.600	185.953
0.600	185.885
0.600	185.848
0.600	185.807
0.601	185.663
0.601	185.622
0.601	185.560
0.601	185.501
0.601	185.468
0.601	185.394
0.601	185.308
0.601	185.247
0.601	185.134
0.601	184.971
0.601	184.920
0.601	184.749
0.601	184.695
0.601	184.580
0.601	184.508
0.601	184.464
0.601	184.381
0.601	184.329
0.601	184.262
0.602	184.133
0.602	184.082
0.602	183.985
0.602	183.867
0.602	183.783
0.602	183.726
0.603	183.628
0.603	183.571
0.606	183.528
0.606	183.453
0.607	183.383
0.608	183.292
0.608	183.242
0.622	183.162
0.622	183.116
0.623	183.074
0.625	183.028
0.626	182.938
0.626	182.614
0.627	182.580
0.629	182.521
0.629	182.349
0.646	182.307
0.646	182.206
0.646	182.118
0.646	182.068
0.646	181.931
0.646	181.908
0.646	181.887
0.646	181.781
0.646	181.706
0.646	181.528
0.646	181.528
0.646	181.451
0.647	181.335
0.647	181.276
0.647	181.236
0.647	181.143
0.647	181.020
0.647	180.913
0.647	180.831
0.647	180.764
0.647	180.645
0.647	180.607
0.647	180.554
0.647	180.455
0.647	180.376
0.647	180.326
0.647	180.286
0.647	180.182
0.648	180.129
0.648	180.037
0.648	179.845
0.648	179.760
0.648	179.645
0.648	179.561
0.649	179.394
0.652	179.298
0.652	179.259
0.653	179.141
0.654	179.112
0.654	179.040
0.669	178.973
0.670	178.916
0.670	178.824
0.673	178.772
0.673	178.667
0.674	178.611
0.674	178.537
0.676	178.489
0.677	178.406
0.691	178.326
0.691	178.143
0.692	178.045
0.692	177.895
0.692	177.796
0.692	177.723
0.692	177.681
0.692	177.643
0.692	177.561
0.692	177.518
0.692	177.471
0.692	177.390
0.692	177.258
0.692	177.163
0.693	177.097
0.693	177.008
0.693	176.915
0.693	176.794
0.693	176.725
0.693	176.670
0.693	176.587
0.693	176.440
0.693	176.312
0.693	176.227
0.693	176.169
0.693	176.132
0.693	176.083
0.693	176.005
0.693	175.965
0.694	175.854
0.694	175.772
0.694	175.727
0.694	175.591
0.694	175.470
0.695	175.378
0.695	175.324
0.699	175.275
0.699	175.144
0.699	175.093
0.700	175.044
0.700	174.953
0.717	174.755
0.717	174.684
0.718	174.607
0.721	174.509
0.721	174.474
0.722	174.386
0.722	174.260
0.724	174.191
0.725	174.122
0.737	173.970
0.737	173.856
0.737	173.809
0.738	173.686
0.738	173.615
0.738	173.610
0.738	173.476
0.738	173.414
0.738	173.325
0.738	173.228
0.738	173.179
0.738	173.060
0.738	173.013
0.738	172.893
0.738	172.875
0.739	172.744
0.739	172.647
0.739	172.554
0.739	172.504
0.739	172.424
0.739	172.384
0.739	172.276
0.739	172.161
0.739	172.100
0.739	172.065
0.739	172.032
0.739	171.968
0.739	171.914
0.739	171.861
0.740	171.782
0.740	171.623
0.740	171.522
0.740	171.484
0.740	171.403
0.741	171.289
0.741	171.219
0.745	171.169
0.745	171.105
0.745	171.069
0.746	170.886
0.747	170.801
0.764	170.699
0.765	170.653
0.765	170.611
0.769	170.595
0.769	170.527
0.770	170.403
0.770	170.337
0.773	170.278
0.773	170.225
0.783	170.135
0.783	170.088
0.783	170.080
0.783	169.965
0.784	169.894
0.784	169.861
0.784	169.847
0.784	169.755
0.784	169.708
0.784	169.686
0.784	169.613
0.784	169.528
0.784	169.453
0.784	169.335
0.784	169.272
0.785	169.196
0.785	169.138
0.785	168.975
0.785	168.911
0.785	168.857
0.785	168.656
0.785	168.511
0.785	168.462
0.785	168.378
0.785	168.342
0.785	168.292
0.785	168.216
0.785	168.145
0.785	168.122
0.786	167.988
0.786	167.908
0.786	167.898
0.786	167.857
0.786	167.803
0.787	167.684
0.787	167.642
0.791	167.595
0.791	167.564
0.791	167.478
0.793	167.406
0.793	167.330
0.811	167.290
0.812	167.229
0.813	167.189
0.816	167.032
0.817	166.978
0.818	166.899
0.818	166.789
0.820	166.733
0.821	166.675
0.829	166.602
0.829	166.500
0.829	166.473
0.829	166.408
0.829	166.366
0.829	166.308
0.830	166.254
0.830	166.183
0.830	166.139
0.830	166.074
0.830	165.956
0.830	165.836
0.830	165.750
0.830	165.663
0.830	165.613
0.830	165.507
0.831	165.461
0.831	165.371
0.831	165.247
0.831	165.180
0.831	165.130
0.831	165.088
0.831	165.038
0.831	164.960
0.831	164.875
0.831	164.832
0.831	164.797
0.831	164.726
0.832	164.698
0.832	164.539
0.832	164.453
0.832	164.405
0.832	164.283
0.833	164.235
0.833	164.182
0.837	164.112
0.838	164.016
0.838	163.913
0.839	163.865
0.839	163.802
0.859	163.780
0.860	163.740
0.861	163.677
0.864	163.600
0.865	163.490
0.866	163.426
0.866	163.390
0.868	163.339
0.868	163.268
0.875	163.212
0.875	163.144
0.875	163.070
0.875	163.000
0.875	162.929
0.875	162.801
0.876	162.735
0.876	162.639
0.876	162.579
0.876	162.540
0.876	162.471
0.876	162.332
0.876	162.257
0.876	162.165
0.876	162.125
0.876	162.067
0.876	162.006
0.877	162.001
0.877	161.920
0.877	161.847
0.877	161.829
0.877	161.739
0.877	161.684
0.877	161.613
0.877	161.533
0.877	161.517
0.877	161.462
0.877	161.400
0.877	161.345
0.878	161.321
0.878	161.246
0.878	161.219
0.878	161.140
0.879	161.076
0.879	161.040
0.880	160.870
0.884	160.832
0.884	160.777
0.884	160.695
0.885	160.637
0.886	160.563
0.906	160.475
0.907	160.412
0.908	160.348
0.912	160.286
0.912	160.227
0.913	160.159
0.914	160.071
0.916	160.003
0.917	159.959
0.920	159.942
0.921	159.824
0.921	159.773
0.921	159.710
0.921	159.647
0.921	159.572
0.922	159.532
0.922	159.478
0.922	159.417
0.922	159.323
0.922	159.278
0.922	159.227
0.922	159.189
0.922	159.147
0.922	159.105
0.922	159.037
0.922	158.986
0.923	158.864
0.923	158.765
0.923	158.711
0.923	158.630
0.923	158.584
0.923	158.558
0.923	158.522
0.923	158.446
0.923	158.400
0.923	158.361
0.923	158.288
0.923	158.242
0.924	158.218
0.924	158.180
0.924	158.013
0.925	157.974
0.925	157.905
0.925	157.861
0.926	157.802
0.930	157.732
0.930	157.652
0.931	157.551
0.931	157.513
0.932	157.471
0.954	157.449
0.955	157.379
0.956	157.306
0.960	157.283
0.960	157.261
0.961	157.200
0.962	157.095
0.964	157.030
0.965	156.948
0.966	156.922
0.966	156.866
0.967	156.837
0.967	156.824
0.967	156.790
0.967	156.781
0.967	156.745
0.967	156.663
0.967	156.635
0.968	156.561
0.968	156.511
0.968	156.440
0.968	156.403
0.968	156.320
0.968	156.227
0.968	156.199
0.968	156.126
0.968	156.066
0.969	155.990
0.969	155.942
0.969	155.855
0.969	155.807
0.969	155.677
0.969	155.629
0.969	155.601
0.969	155.494
0.969	155.395
0.969	155.321
0.969	155.287
0.970	155.246
0.970	155.173
0.970	155.127
0.970	155.040
0.971	154.925
0.971	154.809
0.972	154.766
0.976	154.735
0.977	154.682
0.978	154.611
0.978	154.575
0.979	154.503
1.001	154.399
1.002	154.311
1.003	154.203
1.007	154.145
1.008	154.099
1.009	154.023
1.010	153.853
1.012	153.827
1.012	153.807
1.012	153.687
1.013	153.605
1.013	153.535
1.013	153.404
1.013	153.354
1.013	153.325
1.013	153.209
1.013	153.162
1.013	153.081
1.014	152.861
1.014	152.707
1.014	152.666
1.014	152.597
1.014	152.557
1.014	152.515
1.014	152.464
1.014	152.374
1.014	152.331
1.015	152.257
1.015	152.255
1.015	152.209
1.015	152.151
1.015	152.114
1.015	152.006
1.015	151.961
1.015	151.827
1.016	151.787
1.016	151.699
1.016	151.696
1.017	151.622
1.017	151.541
1.017	151.505
1.018	151.393
1.023	151.331
1.023	151.267
1.024	151.248
1.025	151.183
1.026	151.148
1.049	151.075
1.050	151.048
1.051	151.041
1.056	150.946
1.057	150.857
1.058	150.821
1.058	150.776
1.058	150.718
1.059	150.627
1.059	150.527
1.059	150.486
1.059	150.441
1.059	150.378
1.059	150.358
1.059	150.290
1.060	150.263
1.060	150.177
1.060	150.125
1.060	150.075
1.060	149.968
1.060	149.906
1.060	149.872
1.060	149.807
1.060	149.806
1.061	149.726
1.061	149.694
1.061	149.643
1.061	149.617
1.061	149.569
1.061	149.451
1.061	149.381
1.061	149.342
1.061	149.277
1.061	149.211
1.061	149.144
1.061	149.117
1.061	149.078
1.062	148.974
1.062	148.864
1.063	148.793
1.063	148.745
1.063	148.714
1.064	148.659
1.069	148.595
1.069	148.535
1.070	148.480
1.071	148.386
1.074	148.340
1.096	148.307
1.097	148.252
1.098	148.182
1.103	148.127
1.103	148.092
1.104	148.080
1.104	148.001
1.104	147.940
1.105	147.907
1.105	147.848
1.105	147.805
1.105	147.759
1.105	147.711
1.105	147.688
1.105	147.635
1.105	147.583
1.106	147.414
1.106	147.356
1.106	147.328
1.106	147.295
1.106	147.285
1.106	147.262
1.106	147.195
1.106	147.162
1.106	147.127
1.106	147.116
1.106	147.060
1.107	147.024
1.107	146.948
1.107	146.944
1.107	146.906
1.107	146.860
1.107	146.819
1.107	146.782
1.107	146.752
1.107	146.692
1.108	146.614
1.108	146.601
1.108	146.531
1.109	146.498
1.109	146.461
1.109	146.402
1.109	146.370
1.110	146.332
1.115	146.312
1.116	146.247
1.117	146.168
1.117	146.067
1.120	146.022
1.144	145.988
1.145	145.949
1.146	145.896
1.149	145.827
1.150	145.765
1.150	145.694
1.150	145.620
1.151	145.561
1.151	145.515
1.151	145.442
1.151	145.395
1.151	145.377
1.151	145.330
1.151	145.230
1.151	145.178
1.152	145.128
1.152	145.108
1.152	145.004
1.152	144.964
1.152	144.929
1.152	144.870
1.152	144.827
1.152	144.797
1.152	144.759
1.153	144.701
1.153	144.615
1.153	144.547
1.153	144.531
1.153	144.505
1.153	144.498
1.153	144.454
1.153	144.438
1.153	144.364
1.153	144.338
1.153	144.306
1.154	144.258
1.154	144.232
1.154	144.221
1.154	144.169
1.155	144.137
1.155	144.100
1.156	144.056
1.156	143.975
1.156	143.915
1.162	143.913
1.162	143.841
1.163	143.812
1.163	143.780
1.166	143.705
1.191	143.678
1.192	143.619
1.194	143.514
1.195	143.504
1.196	143.453
1.196	143.363
1.196	143.294
1.196	143.232
1.196	143.147
1.196	143.108
1.197	143.099
1.197	143.031
1.197	142.985
1.197	142.961
1.197	142.842
1.197	142.779
1.198	142.759
1.198	142.721
1.198	142.641
1.198	142.615
1.198	142.604
1.198	142.577
1.198	142.541
1.198	142.473
1.199	142.450
1.199	142.410
1.199	142.356
1.199	142.307
1.199	142.277
1.199	142.153
1.199	142.105
1.199	142.040
1.199	141.982
1.199	141.929
1.200	141.875
1.200	141.813
1.200	141.805
1.201	141.721
1.201	141.656
1.201	141.557
1.202	141.401
1.202	141.300
1.204	141.250
1.204	141.172
1.208	141.136
1.209	141.102
1.210	141.081
1.212	141.055
1.239	140.988
1.240	140.941
1.241	140.858
1.241	140.828
1.241	140.759
1.242	140.649
1.242	140.587
1.242	140.535
1.242	140.455
1.242	140.445
1.243	140.395
1.243	140.376
1.243	140.319
1.243	140.291
1.243	140.256
1.244	140.195
1.244	140.157
1.244	140.027
1.244	140.019
1.244	139.977
1.244	139.964
1.244	139.879
1.244	139.800
1.244	139.729
1.244	139.645
1.245	139.561
1.245	139.529
1.245	139.516
1.245	139.479
1.245	139.411
1.245	139.389
1.245	139.306
1.246	139.264
1.246	139.245
1.246	139.185
1.246	139.114
1.247	139.056
1.247	138.960
1.247	138.876
1.247	138.827
1.248	138.711
1.249	138.654
1.249	138.636
1.251	138.532
1.252	138.448
1.255	138.401
1.255	138.371
1.255	138.343
1.256	138.266
1.258	138.168
1.286	138.107
1.287	138.070
1.287	138.005
1.287	137.956
1.288	137.893
1.288	137.831
1.288	137.748
1.288	137.746
1.288	137.697
1.288	137.670
1.289	137.664
1.289	137.603
1.289	137.577
1.289	137.477
1.289	137.405
1.289	137.376
1.290	137.353
1.290	137.297
1.290	137.247
1.290	137.187
1.290	137.141
1.290	137.087
1.290	137.042
1.290	136.979
1.290	136.901
1.290	136.792
1.291	136.666
1.291	136.629
1.291	136.593
1.291	136.538
1.292	136.512
1.292	136.443
1.292	136.412
1.292	136.368
1.293	136.315
1.294	136.256
1.294	136.207
1.294	136.162
1.295	136.149
1.296	136.082
1.297	136.024
1.299	135.961
1.300	135.854
1.301	135.816
1.301	135.768
1.302	135.693
1.303	135.667
1.305	135.606
1.333	135.571
1.333	135.487
1.333	135.419
1.334	135.341
1.334	135.298
1.334	135.205
1.334	135.186
1.334	135.160
1.334	135.138
1.335	135.110
1.335	135.081
1.335	135.037
1.335	135.020
1.335	134.981
1.335	134.967
1.335	134.914
1.335	134.894
1.336	134.832
1.336	134.799
1.336	134.787
1.336	134.739
1.336	134.632
1.336	134.551
1.336	134.454
1.337	134.389
1.337	134.351
1.337	134.309
1.337	134.279
1.337	134.266
1.337	134.238
1.337	134.157
1.337	134.116
1.338	134.079
1.338	134.063
1.338	134.024
1.339	133.954
1.339	133.863
1.340	133.851
1.342	133.826
1.343	133.797
1.344	133.761
1.345	133.721
1.347	133.591
1.347	133.564
1.347	133.509
1.348	133.496
1.348	133.456
1.349	133.391
1.351	133.348
1.379	133.267
1.379	133.212
1.379	133.205
1.380	133.171
1.380	133.082
1.380	133.031
1.380	132.976
1.381	132.931
1.381	132.874
1.381	132.774
1.381	132.730
1.381	132.704
1.381	132.646
1.381	132.608
1.381	132.575
1.382	132.518
1.382	132.485
1.382	132.475
1.382	132.446
1.382	132.420
1.382	132.353
1.382	132.280
1.382	132.274
1.383	132.231
1.383	132.124
1.383	132.099
1.383	132.022
1.383	131.970
1.383	131.906
1.383	131.886
1.384	131.831
1.384	131.823
1.384	131.805
1.384	131.755
1.384	131.724
1.385	131.713
1.385	131.635
1.386	131.626
1.390	131.585
1.390	131.555
1.392	131.527
1.393	131.506
1.393	131.492
1.394	131.448
1.394	131.417
1.395	131.385
1.395	131.356
1.396	131.314
1.397	131.233
1.425	131.175
1.425	131.152
1.425	131.130
1.425	131.086
1.425	131.051
1.426	131.006
1.426	130.999
1.426	130.963
1.426	130.925
1.427	130.894
1.427	130.876
1.427	130.861
1.427	130.853
1.427	130.805
1.427	130.757
1.428	130.711
1.428	130.642
1.428	130.620
1.428	130.594
1.428	130.564
1.428	130.538
1.428	130.517
1.428	130.409
1.428	130.365
1.429	130.275
1.429	130.247
1.429	130.237
1.429	130.191
1.429	130.127
1.429	130.109
1.429	130.058
1.430	130.011
1.430	129.964
1.430	129.871
1.431	129.837
1.431	129.803
1.432	129.734
1.432	129.682
1.438	129.645
1.438	129.564
1.439	129.441
1.440	129.413
1.440	129.398
1.440	129.374
1.441	129.337
1.441	129.254
1.443	129.207
1.444	129.094
1.444	129.094
1.471	129.080
1.471	129.047
1.471	128.999
1.471	128.992
1.471	128.978
1.472	128.931
1.472	128.913
1.472	128.904
1.472	128.881
1.473	128.831
1.473	128.788
1.473	128.712
1.473	128.666
1.473	128.641
1.473	128.599
1.473	128.561
1.474	128.549
1.474	128.513
1.474	128.437
1.474	128.391
1.474	128.312
1.474	128.262
1.474	128.209
1.474	128.146
1.474	128.131
1.475	128.112
1.475	128.070
1.475	128.039
1.475	128.010
1.475	127.983
1.475	127.961
1.476	127.959
1.476	127.944
1.476	127.861
1.477	127.785
1.477	127.748
1.478	127.716
1.478	127.642
1.479	127.605
1.485	127.569
1.486	127.538
1.486	127.513
1.486	127.470
1.486	127.423
1.487	127.409
1.488	127.379
1.489	127.361
1.490	127.337
1.491	127.292
1.491	127.261
1.516	127.223
1.517	127.174
1.517	127.122
1.517	127.059
1.517	126.995
1.517	126.957
1.518	126.950
1.518	126.924
1.518	126.879
1.519	126.863
1.519	126.824
1.519	126.809
1.519	126.744
1.519	126.696
1.519	126.679
1.520	126.627
1.520	126.616
1.520	126.524
1.520	126.508
1.520	126.469
1.520	126.418
1.520	126.386
1.520	126.312
1.521	126.296
1.521	126.267
1.521	126.253
1.521	126.204
1.521	126.133
1.521	126.128
1.522	126.057
1.522	126.038
1.523	125.998
1.523	125.935
1.524	125.898
1.524	125.855
1.525	125.804
1.526	125.795
1.532	125.791
1.533	125.743
1.533	125.723
1.533	125.669
1.534	125.650
1.534	125.549
1.535	125.489
1.536	125.398
1.537	125.390
1.539	125.354
1.539	125.283
1.562	125.206
1.563	125.153
1.563	125.125
1.563	125.107
1.563	125.104
1.563	125.017
1.564	124.981
1.564	124.939
1.564	124.881
1.565	124.870
1.565	124.809
1.565	124.761
1.565	124.720
1.565	124.615
1.565	124.607
1.565	124.603
1.566	124.556
1.566	124.524
1.566	124.519
1.566	124.502
1.566	124.489
1.566	124.480
1.566	124.428
1.566	124.411
1.567	124.362
1.567	124.353
1.567	124.302
1.567	124.150
1.567	124.087
1.567	124.040
1.568	123.985
1.568	123.975
1.569	123.959
1.569	123.924
1.570	123.910
1.570	123.867
1.570	123.800
1.572	123.762
1.574	123.717
1.577	123.665
1.579	123.604
1.579	123.595
1.580	123.557
1.581	123.504
1.583	123.457
1.583	123.456
1.585	123.438
1.587	123.372
1.588	123.318
1.608	123.286
1.609	123.253
1.609	123.239
1.609	123.184
1.609	123.139
1.609	123.063
1.610	123.057
1.610	123.003
1.610	122.941
1.611	122.910
1.611	122.867
1.611	122.851
1.611	122.808
1.611	122.788
1.611	122.727
1.611	122.675
1.611	122.589
1.612	122.531
1.612	122.465
1.612	122.384
1.612	122.334
1.612	122.276
1.612	122.227
1.612	122.182
1.612	122.181
1.613	122.160
1.613	122.148
1.613	122.142
1.613	122.109
1.613	122.077
1.614	122.062
1.614	122.003
1.615	121.966
1.615	121.926
1.616	121.915
1.616	121.875
1.618	121.828
1.620	121.770
1.621	121.727
1.624	121.678
1.626	121.674
1.626	121.607
1.626	121.576
1.629	121.565
1.629	121.524
1.630	121.454
1.631	121.388
1.633	121.354
1.635	121.258
1.636	121.210
1.654	121.161
1.655	121.072
1.655	121.063
1.655	121.058
1.655	121.026
1.655	120.986
1.655	120.944
1.655	120.924
1.655	120.899
1.657	120.869
1.657	120.869
1.657	120.844
1.657	120.809
1.657	120.801
1.657	120.796
1.657	120.768
1.657	120.709
1.657	120.676
1.658	120.626
1.658	120.584
1.658	120.567
1.658	120.549
1.658	120.509
1.658	120.505
1.659	120.449
1.659	120.403
1.659	120.332
1.659	120.290
1.660	120.200
1.660	120.185
1.661	120.150
1.661	120.132
1.662	120.084
1.662	120.030
1.665	119.964
1.668	119.930
1.669	119.862
1.670	119.813
1.672	119.770
1.673	119.658
1.675	119.607
1.676	119.559
1.678	119.516
1.678	119.457
1.681	119.385
1.683	119.325
1.684	119.268
1.700	119.234
1.701	119.226
1.701	119.180
1.701	119.151
1.701	119.099
1.701	119.012
1.701	119.003
1.701	118.951
1.702	118.926
1.703	118.870
1.703	118.854
1.703	118.802
1.703	118.775
1.703	118.747
1.703	118.723
1.703	118.716
1.704	118.702
1.704	118.679
1.704	118.635
1.704	118.578
1.704	118.485
1.704	118.461
1.704	118.438
1.705	118.399
1.705	118.393
1.705	118.365
1.705	118.297
1.706	118.291
1.706	118.239
1.706	118.223
1.707	118.175
1.707	118.165
1.708	118.128
1.708	118.109
1.713	118.074
1.715	118.010
1.717	117.968
1.719	117.919
1.722	117.868
1.724	117.821
1.726	117.805
1.726	117.757
1.728	117.715
1.731	117.697
1.732	117.666
1.746	117.661
1.746	117.623
1.747	117.582
1.747	117.577
1.747	117.570
1.747	117.558
1.747	117.510
1.747	117.495
1.747	117.475
1.748	117.468
1.749	117.447
1.749	117.436
1.749	117.432
1.749	117.412
1.749	117.372
1.749	117.358
1.749	117.333
1.749	117.289
1.750	117.236
1.750	117.221
1.750	117.194
1.750	117.147
1.750	117.145
1.750	117.127
1.750	117.100
1.751	117.075
1.751	117.026
1.751	116.967
1.752	116.927
1.752	116.881
1.752	116.868
1.753	116.854
1.753	116.820
1.754	116.809
1.754	116.754
1.760	116.711
1.762	116.672
1.763	116.659
1.764	116.640
1.765	116.555
1.765	116.501
1.765	116.444
1.768	116.436
1.772	116.427
1.773	116.400
1.774	116.349
1.776	116.334
1.779	116.304
1.780	116.238
1.792	116.215
1.792	116.214
1.792	116.184
1.793	116.165
1.793	116.159
1.793	116.147
1.793	116.134
1.793	116.118
1.793	116.101
1.794	116.093
1.794	116.087
1.794	116.086
1.794	116.042
1.795	116.019
1.795	116.011
1.795	116.005
1.795	115.998
1.796	115.969
1.796	115.914
1.796	115.855
1.796	115.844
1.796	115.782
1.796	115.764
1.796	115.755
1.797	115.706
1.797	115.675
1.797	115.672
1.797	115.660
1.798	115.642
1.798	115.598
1.799	115.555
1.799	115.552
1.800	115.549
1.800	115.517
1.808	115.472
1.808	115.395
1.811	115.345
1.812	115.345
1.812	115.320
1.814	115.315
1.819	115.299
1.821	115.267
1.822	115.251
1.824	115.213
1.827	115.185
1.828	115.176
1.838	115.171
1.838	115.171
1.838	115.150
1.838	115.129
1.838	115.121
1.839	115.076
1.839	115.071
1.839	115.034
1.839	114.979
1.840	114.965
1.840	114.947
1.840	114.933
1.840	114.901
1.841	114.874
1.841	114.873
1.841	114.860
1.841	114.844
1.841	114.828
1.841	114.809
1.841	114.804
1.842	114.777
1.842	114.766
1.842	114.764
1.842	114.744
1.843	114.703
1.843	114.677
1.844	114.659
1.844	114.650
1.845	114.635
1.845	114.619
1.846	114.602
1.846	114.596
1.854	114.571
1.855	114.506
1.857	114.435
1.859	114.388
1.861	114.345
1.867	114.303
1.869	114.300
1.870	114.276
1.872	114.256
1.875	114.222
1.875	114.177
1.884	114.171
1.884	114.093
1.884	114.075
1.884	114.056
1.884	114.019
1.885	113.963
1.885	113.939
1.885	113.931
1.885	113.919
1.886	113.906
1.886	113.886
1.886	113.835
1.887	113.823
1.887	113.785
1.887	113.668
1.887	113.608
1.887	113.603
1.887	113.560
1.888	113.519
1.888	113.490
1.888	113.426
1.888	113.422
1.888	113.402
1.888	113.383
1.889	113.373
1.890	113.363
1.890	113.353
1.890	113.345
1.891	113.283
1.891	113.276
1.892	113.254
1.892	113.238
1.900	113.202
1.903	113.188
1.903	113.143
1.904	113.093
1.906	113.086
1.907	113.052
1.907	113.042
1.915	113.010
1.917	112.975
1.918	112.947
1.920	112.901
1.922	112.868
1.923	112.846
1.930	112.809
1.930	112.800
1.930	112.778
1.930	112.771
1.930	112.729
1.931	112.718
1.931	112.706
1.931	112.683
1.932	112.682
1.932	112.672
1.932	112.663
1.932	112.641
1.932	112.621
1.933	112.609
1.933	112.579
1.933	112.556
1.933	112.532
1.934	112.466
1.934	112.460
1.934	112.443
1.934	112.440
1.934	112.409
1.934	112.372
1.935	112.369
1.935	112.353
1.935	112.342
1.935	112.311
1.936	112.271
1.936	112.246
1.936	112.227
1.937	112.202
1.938	112.197
1.938	112.143
1.950	112.101
1.950	112.049
1.950	112.043
1.953	112.032
1.955	111.961
1.963	111.926
1.965	111.890
1.965	111.859
1.968	111.837
1.970	111.831
1.971	111.789
1.976	111.771
1.976	111.763
1.976	111.727
1.976	111.702
1.976	111.671
1.976	111.629
1.977	111.621
1.977	111.620
1.977	111.619
1.978	111.607
1.978	111.582
1.978	111.539
1.978	111.497
1.978	111.461
1.979	111.458
1.979	111.446
1.979	111.435
1.979	111.364
1.980	111.335
1.980	111.325
1.980	111.319
1.980	111.272
1.981	111.231
1.981	111.231
1.981	111.203
1.981	111.180
1.982	111.140
1.982	111.120
1.982	111.100
1.983	111.093
1.984	111.075
1.984	111.007
1.996	110.945
1.997	110.926
1.998	110.918
1.998	110.910
2.001	110.866
2.002	110.827
2.012	110.807
2.015	110.778
2.018	110.755
2.019	110.724
2.022	110.682
2.022	110.644
2.022	110.638
2.022	110.589
2.022	110.582
2.023	110.548
2.023	110.543
2.024	110.530
2.024	110.521
2.025	110.519
2.025	110.479
2.025	110.470
2.025	110.467
2.025	110.460
2.025	110.447
2.026	110.431
2.026	110.420
2.026	110.420
2.026	110.399
2.027	110.384
2.027	110.338
2.027	110.332
2.027	110.301
2.027	110.271
2.028	110.225
2.028	110.214
2.028	110.209
2.029	110.199
2.030	110.167
2.039	110.096
2.044	110.082
2.045	110.080
2.048	110.060
2.050	110.048
2.050	110.020
2.059	110.011
2.060	110.002
2.061	109.979
2.066	109.969
2.067	109.958
2.067	109.889
2.068	109.872
2.068	109.839
2.068	109.820
2.068	109.815
2.068	109.804
2.068	109.800
2.069	109.764
2.069	109.733
2.070	109.729
2.070	109.722
2.070	109.720
2.070	109.694
2.070	109.689
2.071	109.684
2.071	109.683
2.071	109.680
2.071	109.653
2.071	109.643
2.072	109.591
2.073	109.581
2.073	109.565
2.073	109.562
2.073	109.559
2.073	109.538
2.073	109.533
2.074	109.493
2.074	109.487
2.075	109.486
2.075	109.453
2.076	109.442
2.076	109.431
2.085	109.421
2.089	109.399
2.090	109.374
2.091	109.366
2.093	109.329
2.096	109.319
2.098	109.306
2.098	109.290
2.107	109.286
2.108	109.218
2.109	109.200
2.111	109.195
2.113	109.185
2.114	109.167
2.114	109.162
2.114	109.154
2.114	109.139
2.114	109.103
2.114	109.082
2.115	109.057
2.115	109.056
2.115	109.010
2.116	109.004
2.116	108.993
2.116	108.975
2.116	108.965
2.117	108.964
2.117	108.962
2.117	108.957
2.117	108.952
2.117	108.951
2.117	108.933
2.117	108.925
2.118	108.914
2.119	108.906
2.119	108.890
2.119	108.887
2.119	108.876
2.119	108.846
2.120	108.840
2.120	108.814
2.121	108.799
2.121	108.791
2.121	108.757
2.122	108.745
2.122	108.729
2.131	108.684
2.135	108.635
2.136	108.581
2.137	108.564
2.140	108.527
2.143	108.526
2.144	108.447
2.145	108.404
2.154	108.390
2.156	108.375
2.157	108.372
2.159	108.369
2.160	108.342
2.160	108.334
2.160	108.326
2.160	108.320
2.160	108.304
2.161	108.293
2.161	108.284
2.162	108.280
2.162	108.259
2.162	108.227
2.162	108.224
2.162	108.205
2.162	108.184
2.163	108.171
2.163	108.165
2.163	108.117
2.163	108.107
2.163	108.016
2.163	108.007
2.163	107.994
2.164	107.982
2.164	107.971
2.164	107.961
2.164	107.958
2.165	107.949
2.165	107.940
2.165	107.891
2.165	107.882
2.166	107.872
2.166	107.855
2.167	107.849
2.167	107.841
2.168	107.837
2.168	107.821
2.168	107.811
2.177	107.799
2.181	107.709
2.182	107.685
2.183	107.672
2.188	107.634
2.190	107.601
2.191	107.596
2.193	107.578
2.202	107.555
2.203	107.550
2.205	107.519
2.205	107.516
2.206	107.510
2.206	107.502
2.206	107.498
2.206	107.469
2.206	107.455
2.207	107.443
2.208	107.440
2.208	107.433
2.208	107.419
2.208	107.411
2.209	107.402
2.209	107.400
2.209	107.352
2.209	107.318
2.209	107.277
2.209	107.274
2.210	107.259
2.210	107.235
2.210	107.230
2.210	107.196
2.211	107.174
2.211	107.171
2.211	107.168
2.211	107.082
2.211	107.036
2.211	106.973
2.212	106.956
2.213	106.947
2.213	106.936
2.214	106.908
2.214	106.884
2.214	106.880
2.223	106.865
2.228	106.820
2.229	106.794
2.235	106.766
2.238	106.763
2.240	106.705
2.250	106.689
2.251	106.688
2.251	106.683
2.251	106.674
2.252	106.661
2.252	106.648
2.252	106.648
2.252	106.600
2.252	106.598
2.252	106.596
2.253	106.589
2.253	106.583
2.254	106.572
2.254	106.551
2.254	106.545
2.254	106.537
2.255	106.526
2.255	106.519
2.255	106.518
2.255	106.468
2.255	106.419
2.256	106.411
2.256	106.409
2.256	106.388
2.256	106.318
2.257	106.304
2.257	106.302
2.257	106.279
2.258	106.252
2.258	106.227
2.258	106.218
2.259	106.216
2.259	106.139
2.259	106.132
2.260	106.130
2.260	106.116
2.269	106.108
2.274	106.065
2.275	106.062
2.276	106.033
2.283	106.032
2.283	106.014
2.286	105.999
2.288	105.970
2.297	105.925
2.297	105.922
2.297	105.918
2.298	105.886
2.298	105.878
2.298	105.871
2.298	105.817
2.298	105.785
2.299	105.758
2.299	105.758
2.300	105.751
2.300	105.743
2.300	105.741
2.300	105.733
2.300	105.706
2.301	105.702
2.301	105.688
2.301	105.678
2.301	105.667
2.301	105.662
2.302	105.654
2.302	105.643
2.302	105.593
2.302	105.586
2.303	105.583
2.303	105.578
2.303	105.571
2.303	105.561
2.303	105.557
2.304	105.544
2.304	105.528
2.304	105.522
2.305	105.506
2.306	105.498
2.306	105.493
2.307	105.480
2.315	105.466
2.321	105.438
2.323	105.427
2.329	105.417
2.330	105.401
2.333	105.384
2.335	105.381
2.342	105.377
2.343	105.357
2.344	105.355
2.344	105.319
2.344	105.319
2.345	105.307
2.346	105.296
2.346	105.290
2.346	105.285
2.346	105.275
2.346	105.270
2.347	105.263
2.347	105.259
2.347	105.201
2.347	105.191
2.347	105.167
2.347	105.121
2.348	105.112
2.348	105.103
2.348	105.095
2.349	105.090
2.349	105.080
2.349	105.073
2.349	105.059
2.349	105.020
2.350	105.013
2.350	105.008
2.351	104.971
2.351	104.968
2.352	104.953
2.352	104.948
2.353	104.921
2.354	104.909
2.355	104.891
2.361	104.853
2.367	104.844
2.368	104.844
2.369	104.839
2.376	104.837
2.378	104.805
2.383	104.799
2.388	104.774
2.389	104.767
2.390	104.763
2.390	104.754
2.390	104.750
2.390	104.710
2.390	104.707
2.391	104.701
2.392	104.686
2.392	104.674
2.392	104.672
2.392	104.665
2.392	104.665
2.393	104.658
2.393	104.611
2.393	104.587
2.393	104.578
2.393	104.560
2.393	104.559
2.393	104.534
2.394	104.527
2.394	104.515
2.395	104.492
2.395	104.480
2.396	104.469
2.396	104.453
2.396	104.447
2.396	104.436
2.398	104.424
2.399	104.420
2.399	104.412
2.402	104.399
2.403	104.395
2.408	104.379
2.413	104.371
2.414	104.369
2.415	104.328
2.422	104.313
2.425	104.311
2.431	104.289
2.434	104.284
2.435	104.264
2.435	104.251
2.436	104.246
2.436	104.226
2.436	104.223
2.436	104.215
2.436	104.210
2.437	104.200
2.437	104.193
2.438	104.190
2.438	104.181
2.438	104.169
2.438	104.163
2.439	104.162
2.439	104.150
2.439	104.149
2.439	104.141
2.439	104.131
2.440	104.130
2.440	104.129
2.440	104.119
2.440	104.114
2.441	104.096
2.441	104.095
2.441	104.092
2.442	104.065
2.442	104.061
2.444	104.057
2.444	104.040
2.447	104.032
2.451	104.028
2.454	104.009
2.459	104.005
2.461	103.998
2.461	103.994
2.469	103.992
2.472	103.987
2.478	103.977
2.481	103.969
2.481	103.954
2.482	103.927
2.482	103.915
2.482	103.910
2.483	103.907
2.483	103.900
2.484	103.887
2.484	103.882
2.484	103.877
2.485	103.876
2.485	103.871
2.485	103.857
2.485	103.840
2.485	103.816
2.486	103.805
2.486	103.800
2.486	103.780
2.487	103.778
2.487	103.743
2.487	103.739
2.488	103.737
2.488	103.733
2.488	103.720
2.490	103.709
2.491	103.707
2.491	103.705
2.492	103.703
2.494	103.701
2.498	103.680
2.499	103.671
2.500	103.663
2.505	103.653
2.507	103.651
2.508	103.634
2.515	103.615
2.525	103.607
2.526	103.600
2.527	103.591
2.527	103.586
2.528	103.577
2.528	103.575
2.528	103.568
2.529	103.559
2.529	103.555
2.530	103.546
2.530	103.542
2.531	103.539
2.531	103.537
2.531	103.527
2.531	103.522
2.531	103.490
2.531	103.490
2.531	103.484
2.532	103.480
2.532	103.475
2.532	103.456
2.533	103.454
2.533	103.446
2.533	103.430
2.533	103.425
2.533	103.414
2.534	103.413
2.534	103.409
2.536	103.403
2.536	103.401
2.537	103.384
2.537	103.377
2.539	103.371
2.540	103.360
2.542	103.329
2.546	103.319
2.546	103.317
2.547	103.304
2.551	103.281
2.554	103.277
2.554	103.271
2.561	103.269
2.568	103.258
2.572	103.247
2.573	103.239
2.573	103.216
2.573	103.202
2.574	103.183
2.574	103.179
2.574	103.176
2.574	103.170
2.575	103.163
2.575	103.149
2.576	103.138
2.577	103.133
2.577	103.123
2.577	103.119
2.577	103.092
2.577	103.086
2.577	103.060
2.577	103.054
2.577	103.046
2.578	103.018
2.579	103.016
2.579	103.012
2.579	102.992
2.580	102.992
2.582	102.986
2.582	102.980
2.583	102.968
2.585	102.962
2.587	102.953
2.588	102.949
2.590	102.944
2.592	102.943
2.594	102.938
2.595	102.936
2.598	102.932
2.600	102.916
2.600	102.904
2.608	102.896
2.615	102.888
2.618	102.878
2.619	102.876
2.619	102.866
2.620	102.858
2.620	102.856
2.620	102.851
2.620	102.841
2.621	102.838
2.621	102.836
2.622	102.835
2.622	102.828
2.622	102.821
2.623	102.818
2.623	102.815
2.623	102.804
2.623	102.779
2.623	102.768
2.624	102.767
2.625	102.762
2.625	102.740
2.626	102.737
2.626	102.732
2.628	102.680
2.628	102.674
2.629	102.665
2.630	102.664
2.633	102.656
2.634	102.634
2.635	102.630
2.638	102.625
2.638	102.602
2.641	102.599
2.643	102.596
2.644	102.572
2.646	102.558
2.646	102.546
2.664	102.540
2.665	102.537
2.665	102.536
2.666	102.528
2.666	102.527
2.666	102.525
2.667	102.521
2.667	102.513
2.668	102.511
2.668	102.508
2.668	102.506
2.669	102.503
2.669	102.502
2.669	102.499
2.669	102.498
2.670	102.478
2.670	102.473
2.671	102.471
2.671	102.448
2.672	102.443
2.672	102.441
2.674	102.437
2.674	102.433
2.675	102.429
2.676	102.424
2.681	102.421
2.682	102.383
2.683	102.376
2.684	102.368
2.686	102.347
2.689	102.345
2.690	102.341
2.691	102.337
2.693	102.335
2.710	102.334
2.711	102.324
2.711	102.323
2.711	102.320
2.712	102.316
2.712	102.311
2.712	102.305
2.713	102.301
2.714	102.289
2.714	102.288
2.714	102.276
2.714	102.266
2.714	102.265
2.715	102.264
2.715	102.261
2.715	102.257
2.715	102.250
2.716	102.247
2.716	102.230
2.717	102.222
2.718	102.209
2.718	102.205
2.720	102.187
2.720	102.163
2.721	102.160
2.722	102.156
2.729	102.151
2.730	102.142
2.731	102.140
2.734	102.137
2.736	102.124
2.737	102.118
2.739	102.114
2.740	102.111
2.747	102.108
2.756	102.106
2.757	102.063
2.757	102.060
2.757	102.047
2.757	102.046
2.758	102.022
2.758	102.020
2.758	101.992
2.758	101.991
2.759	101.985
2.760	101.979
2.760	101.978
2.760	101.974
2.760	101.968
2.760	101.966
2.761	101.965
2.761	101.961
2.761	101.943
2.761	101.937
2.761	101.933
2.762	101.932
2.762	101.929
2.762	101.923
2.763	101.915
2.763	101.908
2.764	101.898
2.764	101.895
2.766	101.889
2.767	101.877
2.768	101.864
2.776	101.862
2.777	101.860
2.779	101.853
2.782	101.849
2.782	101.843
2.784	101.841
2.785	101.812
2.788	101.810
2.793	101.807
2.802	101.802
2.802	101.784
2.803	101.772
2.803	101.762
2.804	101.760
2.804	101.751
2.804	101.749
2.806	101.727
2.806	101.717
2.806	101.717
2.807	101.713
2.807	101.711
2.807	101.708
2.807	101.707
2.807	101.703
2.807	101.701
2.808	101.691
2.808	101.680
2.808	101.677
2.809	101.653
2.810	101.647
2.811	101.638
2.811	101.636
2.812	101.632
2.812	101.625
2.812	101.614
2.814	101.612
2.822	101.606
2.825	101.605
2.826	101.579
2.827	101.577
2.828	101.570
2.829	101.562
2.830	101.556
2.831	101.536
2.833	101.536
2.840	101.525
2.848	101.523
2.848	101.519
2.849	101.510
2.849	101.506
2.849	101.504
2.850	101.503
2.850	101.500
2.850	101.498
2.850	101.494
2.851	101.487
2.852	101.483
2.852	101.479
2.853	101.471
2.853	101.468
2.853	101.460
2.853	101.455
2.853	101.446
2.853	101.442
2.853	101.439
2.853	101.423
2.853	101.422
2.853	101.420
2.854	101.416
2.854	101.414
2.855	101.404
2.856	101.394
2.857	101.387
2.858	101.385
2.858	101.383
2.859	101.380
2.860	101.379
2.872	101.351
2.874	101.344
2.874	101.334
2.877	101.330
2.878	101.317
2.881	101.317
2.884	101.312
2.886	101.312
2.894	101.302
2.894	101.295
2.895	101.294
2.895	101.291
2.895	101.288
2.896	101.277
2.896	101.275
2.896	101.274
2.897	101.272
2.898	101.256
2.898	101.255
2.899	101.252
2.899	101.247
2.899	101.243
2.899	101.241
2.899	101.234
2.899	101.226
2.900	101.211
2.900	101.208
2.901	101.206
2.901	101.203
2.903	101.202
2.903	101.199
2.904	101.195
2.905	101.189
2.905	101.185
2.906	101.181
2.907	101.169
2.920	101.162
2.922	101.150
2.923	101.142
2.924	101.130
2.928	101.126
2.932	101.121
2.941	101.114
2.941	101.103
2.942	101.096
2.942	101.095
2.943	101.090
2.944	101.085
2.945	101.084
2.945	101.055
2.945	101.052
2.945	101.051
2.945	101.042
2.946	101.042
2.946	101.028
2.947	101.015
2.948	101.015
2.949	101.012
2.949	101.010
2.949	101.010
2.949	101.008
2.949	101.006
2.950	101.006
2.952	101.000
2.953	100.998
2.955	100.993
2.960	100.990
2.966	100.979
2.968	100.979
2.969	100.968
2.970	100.963
2.974	100.960
2.976	100.956
2.979	100.951
2.986	100.950
2.986	100.947
2.987	100.946
2.987	100.937
2.989	100.928
2.989	100.925
2.990	100.924
2.990	100.917
2.991	100.913
2.991	100.907
2.991	100.902
2.991	100.892
2.991	100.891
2.992	100.878
2.992	100.874
2.992	100.873
2.992	100.871
2.993	100.857
2.994	100.855
2.994	100.852
2.995	100.849
2.995	100.846
2.996	100.840
2.996	100.836
2.996	100.835
2.997	100.831
2.998	100.831
2.998	100.827
3.000	100.824
3.003	100.815
3.006	100.809
3.016	100.800
3.016	100.797
3.017	100.782
3.018	100.779
3.019	100.775
3.021	100.769
3.025	100.764
3.029	100.761
3.032	100.759
3.032	100.751
3.032	100.744
3.033	100.744
3.033	100.739
3.033	100.727
3.034	100.727
3.035	100.724
3.036	100.722
3.036	100.716
3.037	100.693
3.037	100.691
3.037	100.689
3.037	100.685
3.037	100.678
3.037	100.674
3.038	100.674
3.038	100.670
3.039	100.664
3.040	100.664
3.041	100.660
3.041	100.660
3.042	100.657
3.043	100.654
3.043	100.650
3.043	100.638
3.044	100.634
3.048	100.633
3.050	100.628
3.062	100.616
3.064	100.609
3.064	100.605
3.067	100.602
3.071	100.600
3.077	100.600
3.078	100.597
3.078	100.591
3.078	100.586
3.079	100.586
3.079	100.581
3.079	100.581
3.080	100.576
3.081	100.573
3.082	100.570
3.083	100.567
3.083	100.566
3.083	100.565
3.083	100.564
3.083	100.562
3.083	100.559
3.083	100.556
3.083	100.554
3.083	100.547
3.083	100.545
3.084	100.529
3.085	100.521
3.086	100.521
3.086	100.518
3.087	100.515
3.087	100.515
3.088	100.508
3.088	100.500
3.089	100.498
3.091	100.495
3.095	100.493
3.099	100.491
3.111	100.484
3.114	100.478
3.118	100.474
3.118	100.468
3.124	100.463
3.125	100.449
3.125	100.446
3.125	100.434
3.126	100.429
3.126	100.429
3.127	100.419
3.127	100.414
3.128	100.406
3.129	100.404
3.129	100.393
3.129	100.392
3.129	100.386
3.129	100.383
3.129	100.382
3.129	100.380
3.130	100.379
3.131	100.373
3.131	100.363
3.132	100.361
3.134	100.357
3.134	100.350
3.137	100.349
3.138	100.348
3.142	100.343
3.155	100.338
3.157	100.331
3.159	100.328
3.162	100.321
3.164	100.315
3.165	100.312
3.168	100.311
3.170	100.309
3.170	100.306
3.171	100.305
3.171	100.294
3.172	100.289
3.172	100.288
3.173	100.285
3.173	100.283
3.173	100.282
3.174	100.281
3.174	100.281
3.175	100.277
3.175	100.268
3.175	100.263
3.175	100.260
3.175	100.258
3.176	100.258
3.176	100.254
3.177	100.252
3.177	100.247
3.178	100.245
3.180	100.244
3.180	100.242
3.182	100.241
3.186	100.237
3.190	100.236
3.202	100.228
3.203	100.222
3.210	100.218
3.211	100.217
3.213	100.215
3.216	100.212
3.216	100.210
3.216	100.204
3.218	100.203
3.218	100.201
3.219	100.200
3.219	100.200
3.219	100.198
3.219	100.194
3.220	100.190
3.221	100.185
3.221	100.178
3.221	100.175
3.221	100.165
3.221	100.161
3.221	100.156
3.222	100.153
3.222	100.150
3.222	100.147
3.223	100.143
3.224	100.142
3.225	100.137
3.226	100.135
3.226	100.132
3.228	100.127
3.229	100.126
3.233	100.120
3.237	100.116
3.241	100.109
3.245	100.106
3.248	100.098
3.249	100.095
3.258	100.095
3.261	100.093
3.262	100.091
3.262	100.089
3.262	100.076
3.262	100.073
3.263	100.072
3.263	100.071
3.264	100.066
3.264	100.065
3.265	100.063
3.266	100.062
3.267	100.058
3.267	100.056
3.267	100.053
3.268	100.053
3.268	100.050
3.270	100.048
3.270	100.048
3.271	100.046
3.273	100.039
3.274	100.033
3.276	100.026
3.281	100.023
3.284	100.021
3.289	100.014
3.291	100.012
3.296	100.010
3.303	100.009
3.306	100.004
3.307	100.002
3.308	99.998
3.308	99.996
3.308	99.995
3.309	99.990
3.309	99.987
3.309	99.987
3.310	99.984
3.310	99.984
3.311	99.982
3.312	99.981
3.312	99.978
3.312	99.978
3.313	99.977
3.313	99.973
3.313	99.971
3.313	99.965
3.313	99.962
3.313	99.960
3.314	99.955
3.315	99.953
3.316	99.951
3.317	99.948
3.317	99.937
3.319	99.936
3.319	99.931
3.320	99.929
3.321	99.926
3.321	99.922
3.328	99.911
3.336	99.906
3.337	99.906
3.341	99.904
3.342	99.902
3.350	99.901
3.353	99.898
3.353	99.896
3.354	99.893
3.354	99.891
3.354	99.870
3.355	99.864
3.356	99.863
3.357	99.850
3.357	99.849
3.358	99.848
3.358	99.845
3.359	99.842
3.359	99.835
3.359	99.834
3.359	99.829
3.359	99.827
3.359	99.825
3.360	99.823
3.360	99.822
3.360	99.820
3.361	99.814
3.361	99.809
3.362	99.807
3.363	99.802
3.365	99.799
3.365	99.797
3.366	99.793
3.367	99.784
3.368	99.780
3.380	99.778
3.384	99.773
3.384	99.770
3.388	99.765
3.398	99.764
3.399	99.763
3.399	99.758
3.400	99.755
3.401	99.749
3.401	99.745
3.402	99.742
3.402	99.735
3.403	99.731
3.404	99.719
3.405	99.713
3.405	99.711
3.405	99.708
3.405	99.703
3.405	99.700
3.405	99.697
3.406	99.696
3.406	99.694
3.407	99.687
3.408	99.684
3.408	99.684
3.408	99.679
3.409	99.678
3.412	99.674
3.413	99.671
3.414	99.668
3.430	99.665
3.431	99.661
3.434	99.660
3.445	99.652
3.445	99.647
3.445	99.646
3.447	99.645
3.447	99.641
3.448	99.637
3.449	99.637
3.450	99.630
3.450	99.626
3.450	99.624
3.451	99.624
3.451	99.618
3.451	99.616
3.451	99.611
3.452	99.611
3.452	99.610
3.453	99.607
3.453	99.606
3.454	99.601
3.455	99.599
3.455	99.594
3.456	99.593
3.457	99.592
3.458	99.587
3.459	99.584
3.460	99.582
3.461	99.576
3.480	99.575
3.491	99.575
3.491	99.575
3.492	99.573
3.494	99.571
3.495	99.570
3.495	99.565
3.495	99.565
3.496	99.564
3.496	99.560
3.496	99.557
3.497	99.555
3.497	99.552
3.497	99.547
3.497	99.546
3.497	99.540
3.497	99.535
3.498	99.528
3.498	99.526
3.500	99.522
3.501	99.521
3.501	99.518
3.502	99.516
3.503	99.510
3.504	99.505
3.504	99.502
3.505	99.500
3.506	99.499
3.509	99.494
3.519	99.488
3.523	99.480
3.527	99.474
3.527	99.467
3.527	99.462
3.536	99.462
3.536	99.458
3.537	99.457
3.537	99.457
3.539	99.450
3.540	99.450
3.541	99.447
3.541	99.444
3.541	99.440
3.542	99.439
3.542	99.439
3.542	99.434
3.543	99.429
3.543	99.427
3.543	99.424
3.543	99.422
3.544	99.415
3.544	99.414
3.545	99.412
3.546	99.397
3.547	99.394
3.549	99.392
3.549	99.388
3.550	99.384
3.567	99.380
3.573	99.378
3.573	99.375
3.575	99.368
3.582	99.365
3.582	99.361
3.583	99.361
3.585	99.357
3.586	99.355
3.587	99.353
3.587	99.353
3.587	99.347
3.588	99.346
3.588	99.345
3.588	99.345
3.588	99.343
3.589	99.340
3.589	99.336
3.590	99.335
3.590	99.333
3.590	99.332
3.590	99.321
3.591	99.319
3.592	99.318
3.593	99.316
3.593	99.316
3.594	99.304
3.594	99.301
3.595	99.299
3.596	99.298
3.597	99.294
3.598	99.292
3.601	99.288
3.606	99.285
3.614	99.285
3.619	99.284
3.620	99.283
3.622	99.279
3.628	99.278
3.629	99.276
3.629	99.274
3.631	99.272
3.632	99.270
3.632	99.269
3.633	99.265
3.633	99.259
3.633	99.258
3.634	99.254
3.634	99.251
3.635	99.249
3.635	99.248
3.635	99.245
3.635	99.241
3.636	99.240
3.636	99.235
3.636	99.231
3.636	99.228
3.637	99.224
3.638	99.219
3.638	99.217
3.639	99.215
3.639	99.211
3.641	99.208
3.641	99.200
3.643	99.197
3.649	99.194
3.654	99.193
3.661	99.190
3.666	99.186
3.666	99.179
3.669	99.178
3.675	99.178
3.675	99.177
3.679	99.177
3.679	99.174
3.680	99.173
3.680	99.172
3.680	99.169
3.681	99.165
3.681	99.164
3.681	99.164
3.682	99.159
3.682	99.157
3.682	99.156
3.682	99.152
3.683	99.149
3.685	99.147
3.685	99.142
3.686	99.137
3.688	99.137
3.689	99.129
3.693	99.128
3.696	99.123
3.702	99.123
3.709	99.117
3.712	99.114
3.712	99.110
3.714	99.107
3.717	99.105
3.720	99.101
3.721	99.100
3.721	99.095
3.725	99.094
3.725	99.094
3.725	99.093
3.726	99.092
3.726	99.092
3.726	99.090
3.727	99.088
3.728	99.085
3.728	99.085
3.728	99.081
3.729	99.079
3.729	99.071
3.731	99.068
3.731	99.068
3.733	99.062
3.734	99.061
3.737	99.056
3.740	99.053
3.744	99.052
3.750	99.051
3.757	99.051
3.758	99.050
3.759	99.043
3.762	99.042
3.764	99.041
3.766	99.037
3.767	99.037
3.770	99.032
3.771	99.031
3.771	99.030
3.772	99.025
3.772	99.022
3.773	99.019
3.774	99.014
3.774	99.014
3.775	99.011
3.775	99.008
3.776	99.002
3.777	98.999
3.778	98.997
3.780	98.995
3.782	98.994
3.785	98.994
3.792	98.991
3.798	98.990
3.805	98.985
3.805	98.984
3.812	98.980
3.816	98.979
3.817	98.977
3.817	98.977
3.817	98.975
3.818	98.975
3.819	98.974
3.819	98.973
3.820	98.971
3.820	98.970
3.820	98.970
3.821	98.968
3.822	98.965
3.823	98.965
3.823	98.963
3.827	98.962
3.828	98.958
3.829	98.958
3.833	98.954
3.837	98.951
3.839	98.946
3.840	98.943
3.848	98.938
3.859	98.937
3.859	98.933
3.859	98.933
3.860	98.931
3.862	98.930
3.862	98.929
3.863	98.927
3.863	98.924
3.863	98.924
3.865	98.923
3.865	98.916
3.865	98.914
3.866	98.909
3.867	98.907
3.867	98.906
3.868	98.905
3.870	98.904
3.871	98.899
3.874	98.896
3.876	98.894
3.884	98.889
3.887	98.887
3.894	98.886
3.895	98.882
3.897	98.879
3.898	98.878
3.899	98.876
3.905	98.870
3.905	98.863
3.905	98.858
3.907	98.857
3.909	98.855
3.909	98.855
3.909	98.855
3.910	98.852
3.911	98.852
3.911	98.849
3.911	98.849
3.913	98.848
3.913	98.847
3.916	98.845
3.917	98.841
3.919	98.841
3.920	98.838
3.922	98.836
3.929	98.833
3.932	98.832
3.935	98.829
3.942	98.826
3.944	98.823
3.950	98.821
3.951	98.819
3.951	98.818
3.953	98.817
3.955	98.814
3.955	98.811
3.955	98.809
3.955	98.804
3.956	98.800
3.957	98.800
3.957	98.799
3.958	98.799
3.958	98.797
3.959	98.797
3.960	98.792
3.962	98.792
3.962	98.789
3.964	98.788
3.965	98.788
3.966	98.787
3.968	98.786
3.977	98.784
3.980	98.784
3.983	98.782
3.990	98.780
3.991	98.778
3.997	98.775
4.000	98.775
4.000	98.773
4.001	98.772
4.001	98.771
4.002	98.769
4.002	98.768
4.003	98.766
4.003	98.765
4.003	98.756
4.004	98.753
4.004	98.749
4.005	98.748
4.005	98.746
4.006	98.743
4.011	98.743
4.011	98.741
4.014	98.740
4.023	98.737
4.026	98.737
4.031	98.728
4.034	98.726
4.037	98.724
4.043	98.724
4.046	98.724
4.047	98.720
4.048	98.720
4.048	98.718
4.049	98.711
4.050	98.710
4.050	98.706
4.052	98.705
4.054	98.704
4.054	98.703
4.055	98.699
4.057	98.698
4.057	98.697
4.058	98.697
4.069	98.691
4.076	98.691
4.080	98.688
4.088	98.685
4.089	98.684
4.092	98.681
4.092	98.680
4.094	98.680
4.095	98.678
4.096	98.674
4.096	98.672
4.096	98.671
4.096	98.668
4.097	98.666
4.097	98.662
4.098	98.657
4.099	98.656
4.100	98.652
4.100	98.650
4.101	98.646
4.102	98.645
4.103	98.642
4.103	98.642
4.127	98.639
4.134	98.639
4.135	98.637
4.135	98.635
4.138	98.633
4.139	98.633
4.139	98.628
4.141	98.627
4.142	98.626
4.142	98.624
4.142	98.614
4.143	98.613
4.143	98.613
4.145	98.613
4.146	98.612
4.146	98.609
4.148	98.605
4.149	98.602
4.150	98.602
4.164	98.600
4.169	98.598
4.172	98.596
4.173	98.596
4.183	98.595
4.184	98.592
4.184	98.587
4.185	98.586
4.187	98.585
4.188	98.581
4.188	98.579
4.189	98.577
4.191	98.575
4.192	98.574
4.192	98.569
4.194	98.569
4.196	98.568
4.208	98.564
4.211	98.562
4.217	98.560
4.217	98.558
4.220	98.556
4.220	98.554
4.226	98.553
4.227	98.551
4.227	98.548
4.230	98.543
4.231	98.540
4.233	98.539
4.234	98.539
4.234	98.535
4.234	98.535
4.234	98.531
4.238	98.528
4.240	98.526
4.241	98.525
4.241	98.524
4.254	98.524
4.259	98.521
4.264	98.520
4.265	98.519
4.266	98.517
4.268	98.516
4.272	98.514
4.273	98.513
4.273	98.512
4.273	98.512
4.276	98.508
4.277	98.503
4.277	98.503
4.278	98.503
4.279	98.503
4.279	98.501
4.280	98.499
4.280	98.498
4.280	98.497
4.282	98.495
4.282	98.495
4.284	98.494
4.284	98.492
4.286	98.492
4.290	98.491
4.291	98.491
4.300	98.487
4.307	98.486
4.312	98.483
4.312	98.482
4.315	98.481
4.317	98.479
4.319	98.476
4.322	98.475
4.322	98.473
4.323	98.471
4.324	98.470
4.326	98.468
4.326	98.465
4.327	98.464
4.328	98.462
4.329	98.461
4.330	98.460
4.330	98.457
4.331	98.456
4.332	98.454
4.335	98.454
4.336	98.453
4.337	98.452
4.346	98.450
4.359	98.450
4.365	98.446
4.368	98.443
4.368	98.442
4.369	98.441
4.369	98.440
4.370	98.438
4.372	98.436
4.372	98.434
4.372	98.434
4.372	98.427
4.374	98.427
4.375	98.423
4.375	98.422
4.376	98.422
4.376	98.421
4.377	98.420
4.381	98.418
4.382	98.418
4.403	98.417
4.408	98.417
4.410	98.415
4.411	98.414
4.413	98.413
4.414	98.410
4.414	98.409
4.415	98.407
4.416	98.404
4.417	98.403
4.418	98.402
4.418	98.399
4.418	98.398
4.419	98.398
4.420	98.398
4.421	98.397
4.421	98.394
4.422	98.394
4.425	98.393
4.428	98.389
4.450	98.385
4.452	98.385
4.455	98.383
4.455	98.383
4.456	98.381
4.456	98.379
4.457	98.374
4.457	98.371
4.460	98.369
4.461	98.368
4.461	98.364
4.462	98.364
4.462	98.363
4.463	98.363
4.464	98.361
4.464	98.359
4.465	98.356
4.465	98.352
4.465	98.350
4.466	98.350
4.467	98.347
4.468	98.342
4.468	98.342
4.471	98.339
4.471	98.334
4.471	98.333
4.473	98.330
4.473	98.328
4.474	98.326
4.498	98.324
4.498	98.323
4.501	98.321
4.502	98.315
4.502	98.315
4.503	98.314
4.503	98.312
4.505	98.309
4.506	98.308
4.506	98.304
4.509	98.303
4.509	98.301
4.510	98.301
4.511	98.298
4.512	98.297
4.514	98.294
4.517	98.293
4.518	98.293
4.519	98.291
4.519	98.287
4.520	98.285
4.523	98.284
4.544	98.283
4.546	98.281
4.547	98.278
4.547	98.276
4.548	98.273
4.549	98.270
4.551	98.268
4.552	98.264
4.552	98.262
4.553	98.262
4.553	98.262
4.554	98.262
4.556	98.260
4.557	98.259
4.557	98.258
4.559	98.257
4.560	98.256
4.560	98.255
4.563	98.253
4.565	98.252
4.565	98.250
4.569	98.249
4.593	98.248
4.594	98.245
4.598	98.244
4.598	98.243
4.599	98.242
4.599	98.238
4.601	98.236
4.601	98.234
4.602	98.231
4.602	98.230
4.603	98.228
4.605	98.227
4.606	98.226
4.606	98.224
4.608	98.223
4.611	98.222
4.611	98.221
4.612	98.219
4.615	98.218
4.615	98.215
4.637	98.215
4.639	98.214
4.641	98.210
4.642	98.207
4.644	98.207
4.645	98.202
4.647	98.201
4.648	98.197
4.648	98.196
4.649	98.191
4.649	98.188
4.651	98.187
4.651	98.186
4.652	98.182
4.655	98.180
4.656	98.177
4.657	98.176
4.658	98.173
4.663	98.171
4.684	98.167
4.685	98.164
4.688	98.162
4.689	98.159
4.691	98.157
4.691	98.155
4.693	98.155
4.694	98.152
4.695	98.150
4.697	98.147
4.697	98.144
4.697	98.141
4.698	98.140
4.704	98.136
4.704	98.135
4.707	98.133
4.717	98.130
4.730	98.127
4.731	98.126
4.734	98.123
4.736	98.122
4.736	98.120
4.736	98.119
4.739	98.118
4.741	98.113
4.741	98.113
4.742	98.110
4.744	98.107
4.745	98.104
4.749	98.103
4.750	98.102
4.754	98.100
4.757	98.098
4.760	98.098
4.765	98.095
4.778	98.093
4.780	98.092
4.782	98.089
4.782	98.084
4.783	98.082
4.785	98.082
4.785	98.080
4.787	98.077
4.787	98.074
4.788	98.072
4.790	98.065
4.790	98.063
4.791	98.059
4.792	98.057
4.793	98.054
4.795	98.053
4.796	98.051
4.797	98.051
4.799	98.049
4.799	98.049
4.808	98.046
4.813	98.043
4.824	98.042
4.826	98.041
4.828	98.041
4.829	98.040
4.829	98.039
4.831	98.035
4.831	98.035
4.832	98.034
4.833	98.031
4.833	98.028
4.833	98.027
4.833	98.024
4.835	98.021
4.836	98.021
4.836	98.020
4.838	98.018
4.839	98.017
4.840	98.017
4.842	98.014
4.846	98.010
4.847	98.009
4.856	98.009
4.874	98.008
4.874	98.008
4.875	98.008
4.877	98.006
4.877	98.002
4.877	97.999
4.879	97.998
4.879	97.997
4.880	97.993
4.882	97.990
4.882	97.988
4.886	97.986
4.886	97.983
4.888	97.983
4.888	97.983
4.889	97.983
4.900	97.980
4.904	97.978
4.908	97.978
4.920	97.976
4.920	97.975
4.922	97.975
4.922	97.974
4.923	97.972
4.925	97.971
4.927	97.969
4.928	97.966
4.928	97.965
4.934	97.965
4.936	97.964
4.938	97.962
4.947	97.962
4.956	97.959
4.963	97.959
4.965	97.958
4.971	97.957
4.972	97.954
4.973	97.950
4.974	97.948
4.974	97.947
4.976	97.946
4.978	97.944
4.980	97.943
4.982	97.941
4.984	97.939
4.995	97.937
5.003	97.936
5.005	97.935
5.009	97.934
5.011	97.933
5.012	97.932
5.015	97.931
5.017	97.931
5.018	97.929
5.020	97.929
5.020	97.927
5.024	97.926
5.026	97.925
5.032	97.924
5.051	97.923
5.052	97.920
5.060	97.919
5.061	97.919
5.063	97.918
5.064	97.916
5.065	97.912
5.066	97.910
5.070	97.908
5.070	97.908
5.072	97.907
5.078	97.906
5.080	97.902
5.091	97.901
5.098	97.900
5.100	97.897
5.102	97.896
5.105	97.893
5.107	97.891
5.112	97.891
5.112	97.890
5.116	97.889
5.119	97.888
5.146	97.887
5.147	97.886
5.149	97.885
5.150	97.883
5.151	97.883
5.153	97.881
5.153	97.880
5.157	97.877
5.158	97.872
5.158	97.871
5.162	97.871
5.168	97.871
5.193	97.867
5.195	97.865
5.197	97.861
5.198	97.859
5.199	97.857
5.202	97.857
5.202	97.854
5.202	97.854
5.203	97.853
5.204	97.852
5.208	97.851
5.211	97.850
5.225	97.848
5.227	97.848
5.230	97.847
5.239	97.846
5.241	97.845
5.241	97.843
5.241	97.841
5.241	97.841
5.243	97.837
5.243	97.836
5.243	97.835
5.244	97.833
5.245	97.829
5.246	97.829
5.246	97.828
5.247	97.828
5.248	97.826
5.248	97.825
5.251	97.824
5.254	97.823
5.271	97.819
5.275	97.818
5.278	97.815
5.287	97.810
5.287	97.809
5.288	97.807
5.288	97.805
5.290	97.804
5.290	97.803
5.290	97.802
5.290	97.800
5.291	97.800
5.292	97.798
5.292	97.797
5.293	97.797
5.294	97.794
5.294	97.793
5.297	97.793
5.300	97.793
5.305	97.790
5.308	97.790
5.334	97.790
5.336	97.787
5.336	97.787
5.338	97.785
5.338	97.784
5.339	97.783
5.340	97.779
5.340	97.778
5.343	97.777
5.343	97.777
5.343	97.777
5.346	97.775
5.363	97.774
5.368	97.773
5.379	97.772
5.380	97.770
5.382	97.769
5.383	97.768
5.384	97.768
5.385	97.768
5.386	97.765
5.386	97.763
5.388	97.762
5.389	97.761
5.389	97.756
5.394	97.755
5.409	97.754
5.416	97.754
5.425	97.753
5.428	97.752
5.428	97.750
5.430	97.746
5.432	97.745
5.440	97.744
5.443	97.744
5.455	97.742
5.471	97.741
5.474	97.740
5.474	97.739
5.477	97.738
5.478	97.735
5.481	97.735
5.481	97.734
5.485	97.732
5.489	97.731
5.491	97.730
5.501	97.730
5.515	97.729
5.517	97.729
5.518	97.727
5.520	97.725
5.520	97.724
5.521	97.722
5.521	97.721
5.523	97.720
5.524	97.720
5.524	97.719
5.525	97.717
5.527	97.715
5.529	97.712
5.531	97.712
5.532	97.712
5.532	97.710
5.535	97.710
5.537	97.709
5.561	97.707
5.561	97.707
5.563	97.707
5.564	97.705
5.566	97.705
5.566	97.703
5.566	97.701
5.567	97.699
5.567	97.699
5.567	97.698
5.568	97.697
5.569	97.696
5.570	97.694
5.571	97.691
5.571	97.691
5.573	97.690
5.576	97.689
5.576	97.688
5.578	97.687
5.584	97.685
5.594	97.684
5.608	97.683
5.612	97.681
5.613	97.679
5.615	97.677
5.615	97.674
5.616	97.673
5.616	97.672
5.620	97.670
5.623	97.669
5.624	97.668
5.624	97.668
5.626	97.667
5.655	97.665
5.656	97.663
5.658	97.663
5.658	97.662
5.660	97.661
5.662	97.660
5.662	97.660
5.662	97.659
5.664	97.658
5.666	97.656
5.670	97.649
5.671	97.648
5.674	97.646
5.704	97.645
5.704	97.643
5.704	97.642
5.707	97.642
5.708	97.641
5.708	97.639
5.709	97.639
5.710	97.638
5.712	97.636
5.712	97.635
5.716	97.633
5.719	97.633
5.719	97.632
5.720	97.631
5.720	97.631
5.723	97.625
5.750	97.623
5.753	97.622
5.753	97.621
5.754	97.620
5.754	97.620
5.757	97.619
5.757	97.618
5.759	97.617
5.762	97.615
5.766	97.614
5.771	97.614
5.778	97.613
5.799	97.613
5.799	97.612
5.799	97.610
5.800	97.609
5.803	97.604
5.805	97.604
5.805	97.601
5.807	97.600
5.808	97.599
5.812	97.596
5.815	97.596
5.824	97.595
5.844	97.593
5.845	97.592
5.845	97.590
5.848	97.589
5.849	97.588
5.853	97.585
5.855	97.585
5.858	97.583
5.862	97.582
5.864	97.580
5.891	97.580
5.892	97.578
5.894	97.578
5.895	97.574
5.897	97.573
5.900	97.572
5.901	97.570
5.910	97.570
5.916	97.570
5.931	97.568
5.937	97.567
5.937	97.562
5.939	97.562
5.939	97.561
5.939	97.559
5.943	97.559
5.948	97.558
5.948	97.558
5.950	97.557
5.950	97.554
5.956	97.552
5.962	97.552
5.963	97.550
5.985	97.547
5.985	97.546
5.985	97.543
5.989	97.542
5.993	97.540
5.994	97.537
5.996	97.535
5.998	97.533
6.002	97.533
6.008	97.532
6.011	97.530
6.029	97.530
6.031	97.528
6.032	97.526
6.035	97.526
6.042	97.524
6.054	97.523
6.077	97.520
6.079	97.519
6.079	97.518
6.081	97.517
6.084	97.514
6.085	97.513
6.092	97.512
6.119	97.512
6.121	97.508
6.123	97.507
6.127	97.505
6.127	97.504
6.130	97.502
6.131	97.498
6.142	97.498
6.161	97.496
6.162	97.496
6.164	97.495
6.169	97.493
6.172	97.493
6.173	97.487
6.208	97.486
6.210	97.485
6.215	97.484
6.217	97.482
6.222	97.480
6.225	97.479
6.227	97.476
6.254	97.473
6.257	97.473
6.259	97.471
6.259	97.471
6.261	97.470
6.281	97.469
6.292	97.469
6.300	97.468
6.305	97.467
6.305	97.465
6.307	97.464
6.327	97.461
6.339	97.460
6.348	97.458
6.351	97.457
6.352	97.456
6.352	97.456
6.353	97.455
6.356	97.453
6.367	97.452
6.368	97.451
6.378	97.449
6.387	97.447
6.391	97.447
6.395	97.446
6.396	97.442
6.397	97.438
6.397	97.438
6.399	97.437
6.406	97.436
6.413	97.434
6.416	97.432
6.424	97.430
6.429	97.428
6.437	97.425
6.443	97.420
6.443	97.419
6.443	97.419
6.443	97.419
6.447	97.419
6.450	97.417
6.451	97.416
6.452	97.414
6.459	97.411
6.461	97.410
6.464	97.410
6.470	97.404
6.477	97.401
6.487	97.399
6.489	97.399
6.489	97.398
6.489	97.396
6.490	97.395
6.490	97.394
6.491	97.393
6.505	97.392
6.508	97.388
6.512	97.386
6.517	97.386
6.529	97.386
6.529	97.386
6.530	97.385
6.531	97.384
6.534	97.383
6.538	97.382
6.539	97.380
6.541	97.379
6.543	97.379
6.558	97.379
6.563	97.378
6.575	97.375
6.577	97.373
6.583	97.373
6.586	97.372
6.589	97.369
6.590	97.369
6.604	97.367
6.620	97.365
6.622	97.365
6.623	97.364
6.628	97.363
6.644	97.363
6.667	97.362
6.668	97.362
6.669	97.362
6.673	97.361
6.674	97.361
6.676	97.361
6.690	97.360
6.701	97.357
6.713	97.357
6.715	97.355
6.720	97.350
6.721	97.349
6.722	97.347
6.724	97.347
6.725	97.346
6.747	97.344
6.753	97.344
6.759	97.343
6.760	97.340
6.766	97.340
6.766	97.338
6.768	97.334
6.770	97.333
6.771	97.332
6.790	97.332
6.793	97.331
6.800	97.329
6.811	97.329
6.812	97.327
6.813	97.326
6.814	97.325
6.816	97.325
6.818	97.324
6.821	97.323
6.821	97.322
6.823	97.321
6.858	97.321
6.862	97.319
6.868	97.319
6.882	97.318
6.898	97.317
6.904	97.317
6.906	97.316
6.928	97.316
6.949	97.316
6.951	97.315
6.952	97.313
6.955	97.313
6.974	97.312
6.990	97.312
6.997	97.311
6.998	97.310
7.000	97.309
7.006	97.307
7.020	97.306
7.041	97.305
7.042	97.305
7.044	97.305
7.046	97.303
7.047	97.301
7.057	97.301
7.087	97.299
7.090	97.299
7.092	97.297
7.093	97.297
7.129	97.296
7.136	97.296
7.138	97.295
7.152	97.295
7.177	97.294
7.184	97.293
7.186	97.293
7.197	97.292
7.200	97.292
7.230	97.289
7.231	97.289
7.245	97.289
7.276	97.288
7.277	97.287
7.323	97.287
7.336	97.287
7.363	97.286
7.367	97.285
7.391	97.282
7.410	97.281
7.413	97.280
7.416	97.279
7.439	97.278
7.459	97.277
7.487	97.276
7.502	97.274
7.504	97.273
7.509	97.273
7.546	97.272
7.555	97.272
7.582	97.271
7.583	97.270
7.594	97.270
7.603	97.269
7.612	97.269
7.639	97.268
7.640	97.268
7.641	97.267
7.658	97.266
7.685	97.264
7.687	97.263
7.688	97.262
7.696	97.262
7.733	97.261
7.780	97.260
7.780	97.260
7.783	97.259
7.785	97.258
7.788	97.258
7.826	97.257
7.826	97.255
7.829	97.253
7.829	97.252
7.838	97.252
7.872	97.251
7.878	97.250
7.917	97.250
7.919	97.250
7.922	97.249
7.927	97.249
7.931	97.248
7.933	97.248
7.963	97.247
7.967	97.247
7.967	97.246
7.968	97.246
7.968	97.245
7.973	97.245
8.014	97.245
8.016	97.245
8.019	97.244
8.054	97.243
8.055	97.239
8.062	97.239
8.064	97.238
8.069	97.237
8.082	97.237
8.102	97.236
8.104	97.236
8.108	97.235
8.110	97.235
8.111	97.233
8.128	97.233
8.159	97.233
8.166	97.233
8.198	97.232
8.236	97.230
8.249	97.230
8.259	97.228
8.293	97.228
8.341	97.227
8.342	97.224
8.351	97.222
8.356	97.222
8.358	97.221
8.378	97.221
8.385	97.221
8.431	97.220
8.436	97.219
8.475	97.218
8.484	97.213
8.489	97.212
8.501	97.212
8.521	97.211
8.523	97.210
8.532	97.210
8.536	97.209
8.547	97.207
8.567	97.207
8.569	97.207
8.579	97.206
8.594	97.204
8.627	97.203
8.640	97.202
8.654	97.200
8.661	97.199
8.662	97.199
8.683	97.198
8.700	97.197
8.707	97.197
8.731	97.195
8.755	97.195
8.775	97.193
8.792	97.193
8.792	97.190
8.800	97.190
8.821	97.190
8.838	97.188
8.846	97.186
8.867	97.185
8.873	97.183
8.893	97.182
8.920	97.180
8.936	97.177
8.939	97.173
8.968	97.172
8.979	97.171
8.983	97.170
9.023	97.170
9.025	97.169
9.028	97.169
9.030	97.168
9.063	97.166
9.074	97.163
9.075	97.161
9.116	97.161
9.117	97.161
9.157	97.160
9.170	97.159
9.189	97.158
9.202	97.155
9.203	97.155
9.212	97.152
9.214	97.152
9.218	97.151
9.237	97.151
9.254	97.150
9.257	97.150
9.300	97.148
9.306	97.146
9.308	97.146
9.314	97.146
9.346	97.145
9.352	97.145
9.354	97.142
9.361	97.140
9.400	97.140
9.400	97.138
9.446	97.136
9.480	97.135
9.492	97.134
9.493	97.133
9.526	97.132
9.553	97.132
9.572	97.129
9.592	97.129
9.640	97.128
9.641	97.127
9.665	97.127
9.678	97.126
9.687	97.125
9.697	97.124
9.724	97.123
9.735	97.123
9.745	97.122
9.768	97.121
9.782	97.118
9.793	97.116
9.816	97.116
9.830	97.116
9.841	97.114
9.862	97.114
9.908	97.113
9.908	97.111
9.926	97.108
9.954	97.108
9.954	97.108
9.976	97.107
9.976	97.105
9.992	97.103
10.022	97.102
10.081	97.102
10.093	97.101
10.130	97.100
10.176	97.100
10.178	97.100
10.185	97.099
10.222	97.099
10.226	97.097
10.231	97.096
10.268	97.096
10.277	97.096
10.317	97.095
10.328	97.095
10.358	97.094
10.363	97.093
10.404	97.092
10.410	97.089
10.450	97.087
10.456	97.086
10.496	97.080
10.542	97.080
10.602	97.080
10.648	97.080
10.690	97.080
10.704	97.079
10.710	97.079
10.758	97.078
10.775	97.078
10.786	97.078
10.797	97.078
10.806	97.077
10.826	97.076
10.853	97.076
10.879	97.075
10.882	97.075
10.902	97.074
11.063	97.074
11.064	97.072
11.247	97.070
11.306	97.069
11.386	97.069
11.399	97.069
11.432	97.067
11.479	97.067
11.525	97.065
11.538	97.065
11.571	97.063
11.584	97.061
11.617	97.059
11.630	97.057
11.662	97.055
11.707	97.054
11.744	97.054
11.790	97.051
11.799	97.050
11.846	97.049
11.863	97.049
11.883	97.048
11.911	97.047
11.938	97.047
11.948	97.045
11.996	97.044
12.000	97.043
12.011	97.043
12.056	97.043
12.057	97.043
12.076	97.041
12.093	97.040
12.139	97.039
12.206	97.037
12.216	97.036
12.218	97.034
12.232	97.033
12.277	97.033
12.323	97.031
12.329	97.031
12.354	97.031
12.355	97.031
12.369	97.030
12.377	97.029
12.400	97.028
12.401	97.028
12.425	97.027
12.446	97.025
12.473	97.025
12.492	97.024
12.496	97.021
12.521	97.021
12.542	97.020
12.589	97.020
12.601	97.019
12.618	97.019
12.635	97.018
12.672	97.016
12.681	97.016
12.718	97.016
12.816	97.015
12.825	97.014
12.846	97.014
12.994	97.014
13.015	97.014
13.017	97.012
13.040	97.012
13.047	97.011
13.089	97.009
13.092	97.008
13.126	97.008
13.135	97.005
13.147	97.005
13.169	97.004
13.174	97.002
13.181	97.002
13.218	97.000
13.264	97.000
13.279	96.999
13.304	96.999
13.308	96.998
13.310	96.998
13.320	96.998
13.325	96.997
13.366	96.997
13.371	96.997
13.417	96.995
13.520	96.994
13.556	96.994
13.566	96.992
13.602	96.991
13.634	96.991
13.659	96.990
13.680	96.990
13.726	96.990
13.771	96.989
13.787	96.988
13.817	96.987
13.819	96.987
13.826	96.985
13.833	96.984
13.844	96.984
13.890	96.982
14.011	96.982
14.017	96.982
14.032	96.981
14.057	96.981
14.063	96.979
14.096	96.979
14.103	96.978
14.110	96.978
14.139	96.978
14.142	96.978
14.188	96.977
14.203	96.976
14.234	96.975
14.240	96.975
14.249	96.973
14.277	96.972
14.295	96.972
14.313	96.972
14.317	96.971
14.323	96.971
14.413	96.970
14.426	96.970
14.465	96.969
14.631	96.967
14.710	96.967
14.744	96.967
14.928	96.966
14.932	96.966
14.937	96.965
14.941	96.965
14.988	96.964
14.990	96.964
15.015	96.963
15.180	96.963
15.180	96.962
15.245	96.962
15.259	96.962
15.375	96.961
15.411	96.961
15.457	96.960
15.503	96.958
15.520	96.958
15.530	96.957
15.546	96.956
15.549	96.956
15.588	96.956
15.595	96.955
15.641	96.955
15.715	96.954
15.752	96.954
15.844	96.953
15.854	96.953
15.899	96.952
15.900	96.952
16.039	96.952
16.149	96.950
16.195	96.950
16.241	96.950
16.352	96.949
16.566	96.949
16.612	96.948
16.657	96.947
16.658	96.944
16.739	96.944
16.744	96.944
16.751	96.943
16.790	96.942
16.797	96.942
16.842	96.942
16.929	96.941
17.120	96.941
17.654	96.941
17.739	96.940
17.785	96.939
17.799	96.939
18.088	96.938
18.194	96.938
18.318	96.938
18.471	96.938
18.518	96.937
18.566	96.937
18.614	96.936
18.623	96.935
18.689	96.935
18.710	96.935
18.867	96.935
18.913	96.935
18.930	96.934
18.966	96.934
19.151	96.934
19.187	96.934
19.344	96.934
19.390	96.933
19.408	96.933
19.429	96.932
19.519	96.932
19.529	96.932
19.547	96.932
19.572	96.931
19.575	96.931
19.639	96.931
19.685	96.930
19.760	96.929
19.932	96.929
19.977	96.929
20.027	96.929
20.067	96.928
20.856	96.928
21.133	96.928
21.378	96.927
21.585	96.927
22.475	96.927
23.654	96.926
24.131	96.926
24.161	96.925
24.227	96.924
24.254	96.923
24.273	96.923
24.465	96.922
25.579	96.922
25.765	96.921
25.811	96.921
27.164	96.920
27.800	96.920
28.000	96.920
28.008	96.919
28.054	96.919
28.160	96.917
28.193	96.917
28.252	96.916
28.298	96.916
29.053	96.916
29.146	96.916
29.295	96.915
29.341	96.915
29.387	96.915
29.434	96.915
29.480	96.914
29.609	96.914
29.678	96.914
29.749	96.913
29.834	96.912
29.845	96.911
29.909	96.910
1200.000	96.910
