6.087356,13.132512,-12.968887,-11.601062
-1.200522,0.153695,-2.693548,2.728802
0.807871,4.299632,-0.006630,0.545240
9.502045,-3.115641,8.398695,4.141580
-5.223408,6.252284,-11.458024,-6.267256
2.236886,8.856641,-7.411393,-9.642965
-10.440448,5.178396,5.881768,9.233375
-2.297513,3.798296,1.962824,5.675456
-8.643287,11.012426,7.264326,11.328890
2.084108,6.636139,-7.806491,-12.686914
-2.556617,0.883198,7.320226,0.498698
6.532288,3.122310,4.832312,3.300874
-7.722745,6.637352,8.078183,5.430534
-3.506535,8.549620,6.639965,8.749306
13.298545,-2.646738,9.904862,6.619941
-3.054333,7.272029,-10.106179,-11.950564
-6.385958,4.635763,4.459599,5.508468
-0.731666,5.113500,0.654731,-3.353055
1.742210,6.077893,-7.853817,-10.317642
9.353891,-5.588280,3.953838,4.774769
2.668296,0.450130,1.742237,-2.066342
-1.067039,5.000268,-2.234439,9.827355
1.372005,-1.637909,4.361579,-0.366319
13.512512,2.189771,8.286692,2.517745
-6.330686,-2.291719,2.099347,7.295782
-9.980714,4.569968,5.907270,7.317925
5.038952,2.258563,1.453916,10.509552
3.167325,7.617523,-0.989210,-0.909332
-1.433210,13.213415,-5.094627,-10.707698
-1.769339,0.806305,-3.560609,6.392924
12.482632,2.455043,9.457159,2.190039
6.050634,5.732194,-5.343565,-9.536075
4.216071,-1.978745,5.729645,-5.561281
-5.831934,9.595804,13.258747,8.856747
-4.045801,-1.186853,3.435583,5.014649
-4.350749,8.486471,5.936550,2.103834
-2.191627,4.190640,-3.795474,12.723960
8.314536,13.526970,-6.649476,-10.555010
10.503202,-1.129249,3.078944,6.055556
7.861516,-1.770258,2.667907,2.364734
-12.238677,11.194172,2.367298,-1.807378
-11.180468,8.040799,9.502846,9.899769
-4.118047,5.465629,-4.711425,-2.169857
-3.858588,2.017872,-4.267933,1.405536
-4.101557,9.002416,-11.018630,-10.073478
-1.188648,10.685272,-6.761584,-12.128189
10.777003,4.004889,7.342892,-3.084528
-0.430322,-2.300537,2.653168,0.745853
0.203900,5.372943,-8.309177,4.820027
-2.662333,5.155096,1.208680,-2.576946
10.412569,-3.757862,5.086012,0.078519
1.755597,-0.364841,-1.691168,11.230896
-3.513478,-1.814939,-2.269936,3.925800
3.727935,4.132659,4.685448,-4.583070
-13.833589,5.319674,1.775630,11.910130
11.894448,-9.377682,7.032924,-0.888186
-11.155980,5.220281,-0.801033,5.025582
1.175564,-1.599852,-3.315401,6.191198
0.471627,5.437518,6.028344,0.381061
12.198670,-6.319179,4.211360,0.303585
-3.989762,4.764721,-2.698153,3.431027
-1.571919,2.577647,1.993377,3.012430
11.842857,2.548993,3.061092,0.109916
-3.020365,-1.602087,0.075099,1.425121
-8.025236,2.855585,7.005158,16.409613
1.313943,2.337152,2.257818,3.230476
0.858422,0.799507,3.625098,0.383025
-6.530244,4.681996,3.422774,10.487542
-6.023013,10.307529,5.301604,7.799755
1.144674,6.284661,-4.902317,-14.873578
7.552506,8.865619,-11.565359,-4.358877
-1.094585,3.618257,-0.912639,5.808351
-2.743321,4.219699,-1.799028,8.811056
-6.153353,9.135376,3.178547,6.435785
-2.173236,7.488695,-7.203238,-4.678988
-13.965179,6.174657,8.398956,3.947446
3.059831,3.525273,-11.434215,-7.976912
-1.328329,12.673477,-5.587100,-6.528011
-9.816130,9.861301,7.939181,8.419366
-13.887748,3.450550,3.291871,5.975211
8.753205,1.362591,1.076943,3.671856
-12.424892,11.460182,6.275982,7.015656
0.737598,6.487731,-10.127796,-10.485707
13.933103,-2.009296,10.440531,0.023044
11.994870,-4.867494,4.255771,1.124198
2.791630,6.990455,1.659542,2.111949
-1.906772,7.473323,-14.115500,-16.054181
5.276369,3.340041,4.903568,0.892164
14.161681,-2.628304,5.228525,-3.768579
5.457472,7.727018,-12.438002,-13.221386
2.418687,6.898279,-7.398946,-7.397859
-0.006897,1.051206,-5.816560,9.506352
0.001465,2.169868,0.890805,0.717880
-0.397354,7.894414,-7.248467,-8.886509
9.409821,-0.434922,4.301959,-3.782991
-2.095541,4.201967,0.422649,2.626735
4.956693,0.072733,5.824506,0.287074
-10.616764,11.815979,5.442041,7.398527
0.376256,7.805710,-0.831063,5.262449
4.841671,7.779209,-9.867366,-3.254346
-1.751316,12.560525,-11.218711,-1.612956
-0.315216,8.728020,-5.603972,8.982068
-13.315699,8.688110,7.904940,10.193273
4.600350,1.963331,-7.714348,-9.393623
4.235516,0.665820,-10.763671,-6.029919
9.574199,-5.147544,9.451956,1.834814
-2.384781,7.408615,2.301103,9.992152
5.441027,9.991455,5.591606,0.357889
-9.997743,5.524842,5.912801,3.989293
3.376912,6.651106,-8.240730,-10.097025
10.098920,-1.911808,6.566178,3.594849
-5.495103,1.573034,-2.393461,7.377077
-7.494712,-1.703792,-0.306179,8.954088
0.929224,4.786572,1.483307,-0.286885
-11.042793,5.803245,1.821242,7.785186
-3.467468,0.486113,6.611546,-2.615818
-1.777744,5.061277,4.516233,4.977509
3.690792,-0.530349,4.867732,-3.828699
1.716568,8.881660,-0.263048,3.543833
3.726952,8.923607,-10.934820,-12.777125
-2.988178,5.614784,0.284369,11.777923
-2.563622,14.054175,-9.268979,-6.190575
-8.645154,10.549308,4.531779,8.480425
-10.201309,6.932329,2.533218,8.651401
-0.686659,2.891874,1.404419,2.233843
-3.086369,7.148296,-11.496100,-8.410218
-0.242639,1.711652,1.624529,-0.248413
3.039914,4.453359,6.099375,3.620760
-7.848627,9.185893,4.408311,3.334994
-0.372136,7.527227,-4.942189,-12.551657
-2.058316,0.245695,-4.010135,10.601264
-2.295602,5.490868,-1.580027,6.538164
4.872263,-3.125515,2.738264,-0.515407
0.423350,8.380700,-3.589095,12.197567
3.005652,3.157760,1.382491,-0.009086
4.249770,8.272752,-6.644750,-7.043398
-7.518514,2.614519,1.372801,3.643322
-0.108945,9.421784,-1.220290,-13.878317
-1.802037,0.235150,-6.600013,-1.827197
1.379329,0.726811,-3.535340,3.494639
3.729191,14.394674,-9.585898,-10.080251
6.715113,-1.114213,13.634102,5.574247
0.019917,14.720359,-11.397552,-11.413787
-0.368226,2.355774,1.984998,4.135248
12.109872,-2.935323,10.366075,-1.136537
3.863852,2.304865,-2.592000,7.239315
9.057036,0.321174,8.422623,-1.364716
5.706825,6.841969,-6.162586,-4.105291
1.321714,3.166345,-3.171801,-3.012065
2.797605,1.159276,-0.525520,1.882568
2.896665,-0.547081,1.982289,-1.316429
6.875689,6.003718,-12.656752,-9.917894
-0.368338,5.190067,-8.173431,-11.415747
12.375571,-3.208548,3.331453,0.251623
-13.052638,6.942043,6.439976,10.060407
9.264361,-7.662300,6.222979,-5.671805
3.546762,2.350711,-1.047461,2.942447
2.905434,6.068462,2.693029,5.538758
4.111340,6.100906,1.033190,-2.891855
-8.727529,3.638646,2.465538,4.697028
1.702624,1.637627,4.865495,5.134647
-5.223158,7.212554,14.581290,7.613671
12.481325,-3.398055,2.626069,8.472321
3.943182,-5.135519,-1.105105,-0.370526
-6.774266,7.477211,1.742569,13.721233
9.705067,-5.174343,10.032191,-0.100473
7.621888,-5.912367,0.158201,2.282073
6.107703,7.358618,-8.781404,-9.107644
1.032922,7.662383,-4.278047,-9.963266
6.525044,3.661287,0.558218,0.961717
12.819561,-7.043133,8.412493,1.428839
-3.829238,1.642245,-0.743100,4.627622
6.235497,-1.596214,13.071544,-0.793752
-14.327681,6.109666,13.462142,4.778683
7.707472,-7.107755,1.556649,-0.896759
4.011797,2.329934,3.460423,6.105301
-13.467355,3.241433,0.114125,1.222321
-3.732791,1.015916,-2.428603,7.843613
1.434008,8.461718,-8.337943,-7.433917
-1.474357,3.888760,-2.249629,7.775073
9.526269,-3.224189,4.817402,0.474687
0.753811,6.582846,-11.019636,-9.282266
-9.687380,9.476277,3.767688,4.459178
-0.187968,7.894368,-10.937115,-10.120068
2.229102,-0.516196,-1.522057,6.630748
-1.433959,2.235138,0.688670,0.950101
-2.075619,5.606628,-1.225403,10.496054
2.886759,13.289210,-8.703607,-4.129589
-5.175134,3.339898,-3.479272,7.358423
6.413717,-3.769062,1.797978,-9.599002
2.560797,4.929412,-8.776068,-12.807620
5.404061,-0.560393,4.958319,6.570777
2.747915,8.901496,-13.883513,-9.227556
-14.203333,0.253578,1.898878,7.246962
3.296029,0.752145,-5.922249,2.716622
-1.070373,1.795503,-1.288610,10.281876
0.915201,11.965387,-8.023309,-6.282031
1.905408,1.193705,-9.621516,-10.978370
1.200029,1.072490,0.781278,-1.592230
1.192686,15.030921,-8.785471,-8.951372
-8.418664,-1.126285,7.889009,8.194993
-5.696247,-2.943153,-0.360919,10.363226
4.667142,7.910927,0.893287,-0.009245
-1.026891,5.284675,3.045373,7.575497
7.633878,-4.574755,6.656206,-0.051413
10.860034,-1.083278,7.136750,0.345074
4.395396,4.351308,-1.428669,5.236954
-4.860839,1.565437,2.713796,2.076852
9.739305,-0.688892,6.265782,0.968561
9.304029,3.073178,8.676174,0.490015
3.088603,-0.183251,9.634372,6.207428
11.470711,3.389998,1.866066,0.647533
6.938945,5.285389,-14.636938,-15.569807
1.172288,-1.817708,-0.516386,12.546372
9.465428,-5.522510,5.596938,-1.004590
13.011094,-6.641092,7.330465,-1.095164
-11.476652,6.214228,6.381927,4.103413
-5.516580,1.851398,-4.840539,12.294658
-4.821198,4.454682,-0.990726,6.353680
-10.511627,3.065637,0.829425,9.949980
6.093075,10.849298,-2.081455,-9.746158
-11.648522,2.516537,5.213148,5.897461
-0.609255,6.432962,-11.104240,-6.875553
-7.585524,-0.034745,-1.811641,9.296272
-6.644457,10.163778,-0.602034,9.197468
1.784178,4.119474,-3.821364,8.241824
4.181215,8.021762,-9.541926,-9.467706
-0.261438,8.140912,-6.068206,-7.378152
10.119511,-3.345531,5.526912,-0.696743
7.055052,-3.869606,8.730255,2.007936
-1.440609,0.948852,1.662105,4.296903
3.555802,-4.035427,4.287231,4.369689
2.692878,7.098455,-4.038959,-4.381201
1.596342,5.896915,2.772704,5.091352
7.974773,-1.206263,7.317837,2.862072
-11.810509,8.086903,3.981766,4.830694
5.034332,-0.808879,-0.656496,1.503467
-0.108535,1.336607,-2.857066,11.464972
-11.750014,2.509784,4.040155,7.651877
7.009298,-3.936101,7.204428,5.106629
-2.551938,2.990755,2.591180,5.177561
5.977988,-3.462963,7.881009,5.274746
0.875217,4.831652,-9.511193,-10.887995
-0.165135,10.097249,-6.103629,-12.302709
-11.219509,9.398417,7.867469,7.705147
-2.355433,12.380229,-11.153897,-12.159807
-10.002149,9.474506,10.898654,13.595696
-11.696472,6.424615,9.042865,4.890731
2.267915,6.093226,-9.530015,-13.018010
0.248277,1.489209,-6.386144,9.674317
-0.556834,-1.190291,-3.547239,11.679994
7.713683,-5.101499,2.836665,1.702743
-0.552686,2.989564,-1.703119,3.230135
1.695018,3.194384,4.972875,7.299268
0.613878,7.706012,-8.300164,-8.370100
3.146297,9.213654,-5.277385,-6.983207
-3.871358,4.711462,-2.766485,5.770122
-10.349382,6.774075,7.053201,9.558036
9.182855,-2.525355,8.008748,4.821728
-11.173514,7.094875,3.646547,6.036862
-2.058644,1.779220,-0.650065,13.672744
7.201961,1.955508,8.852806,0.652276
0.774443,0.348600,0.943156,-1.939184
9.998470,-2.766625,7.340479,2.654885
3.474222,5.284986,6.950060,2.030941
-1.240668,9.930111,-2.426718,6.826638
-0.913041,0.859577,-6.024888,7.938029
-0.610942,5.990377,-0.514425,5.495690
-10.610515,11.163876,4.788508,6.936456
-5.642743,1.782497,6.102821,9.457820
-1.055696,-0.023495,-2.951557,6.061981
1.508549,3.098445,-2.835328,2.286010
-2.814532,7.043559,-2.910650,12.333934
1.824946,-1.773832,-1.192374,10.998435
8.491576,-1.944298,2.211501,-1.058432
9.902676,-4.304144,5.919726,-0.616286
-0.423194,8.641103,-7.454427,-8.221059
-7.268306,-3.938616,-6.053779,7.721739
-7.288143,1.071349,4.782330,5.433800
2.032088,14.313213,-4.829636,-6.792166
8.396239,-2.911781,9.366197,3.697874
-1.840675,7.354850,6.324218,2.085923
2.497987,3.955098,-0.787198,1.630994
0.421109,1.880842,-2.284337,3.298558
-8.770223,1.975729,4.456772,9.639937
-2.141786,2.395862,4.323051,9.079483
-12.149121,4.870549,1.982245,9.446185
0.127517,0.480334,-0.573412,6.850557
7.888020,1.123740,1.647418,4.308338
-0.819692,0.956096,4.355257,1.966542
4.107951,9.601911,-16.414906,-2.916312
10.118279,-6.908502,7.268876,0.298530
-2.772598,0.896890,1.145484,5.174821
-0.605930,9.283395,-9.649707,-15.014155
9.858456,-1.248163,6.290426,-0.088920
-6.338395,6.073210,7.102243,8.008243
-0.324247,2.888911,-6.639750,5.428701
-2.922135,9.570734,-9.461755,-11.126350
-4.906672,0.056469,-4.741601,3.999918
0.208397,3.259648,-0.291833,2.773020
6.483252,3.335678,-9.506284,-8.393552
9.941988,-11.008729,6.852599,-0.358249
2.457495,3.955476,-4.036786,7.091142
-12.889242,5.373346,4.741062,7.079642
3.835149,-2.705024,5.325565,-0.802010
1.539727,1.665594,-2.608915,4.860575
-6.602098,7.432639,8.338332,11.828471
-12.651930,7.056383,5.141018,6.617312
-3.562118,9.388781,-4.279964,-9.408548
-10.345222,2.149838,-3.218866,9.382463
8.845724,-3.320397,5.567374,-1.154290
-8.063699,1.028931,-3.208110,8.071002
1.691004,-0.497821,-3.914192,7.428030
0.673881,8.953475,-3.940484,11.844165
1.320781,11.224360,-10.166702,-7.047921
-1.485659,-2.616221,-2.331595,9.662347
0.149258,2.174603,7.271886,3.880847
-9.698572,6.779719,5.741235,7.737828
1.442188,17.451861,-15.685689,-4.290832
1.271404,5.448036,2.257744,0.946678
-6.845499,3.398301,6.113764,12.946641
3.858350,8.290976,-0.397212,-3.306378
1.015989,3.937953,3.072445,-0.871232
-1.927976,5.734992,0.987413,8.518359
-12.051435,5.836201,3.925571,3.526072
5.883738,9.159723,-5.350678,-12.455482
2.124467,4.201060,5.344308,0.195016
-1.421997,5.026150,2.922629,2.136276
4.373388,2.329180,-0.988506,12.093225
1.324126,7.811066,-9.422728,-4.719408
-9.689636,6.566456,8.229832,10.405865
7.833154,3.155157,3.470297,-3.743999
-8.376119,13.374476,8.219460,3.079796
-1.821388,0.258039,-1.690317,11.014879
-1.712134,1.577374,-1.799523,10.309315
2.141728,-3.341648,-3.020527,10.751371
3.748840,-3.325900,3.754574,-0.203640
6.400666,5.613703,2.633455,2.986980
1.998778,9.452497,-6.875801,-3.209433
9.235416,-1.363886,10.657026,-4.829332
4.062107,-5.902537,4.961161,-0.683921
-6.380187,7.647940,-12.941732,-7.530169
2.153088,4.916946,1.230121,7.662190
-12.790066,5.839846,13.846214,9.201590
-2.781510,2.544827,0.682346,2.013097
2.102646,-1.300432,-6.062471,12.211604
-1.891565,3.265842,0.664480,2.342108
-3.094640,1.996487,-2.595367,9.308373
5.739555,2.374015,-1.345511,3.887943
-5.488480,4.415135,-0.329646,8.926554
0.859146,6.267037,-7.700667,-11.846410
5.891369,3.653963,-4.447812,-6.553665
11.309623,1.129684,4.170302,0.207096
-3.206200,11.278005,-5.960390,-8.559064
7.326387,-2.452012,4.614584,0.340125
-0.172413,10.563231,-8.000332,-10.650997
-0.546283,1.148147,9.546869,-5.838301
3.876492,6.451140,-10.265318,-8.390279
-4.833595,2.844234,-3.755824,5.009179
0.468627,9.172941,-7.274326,-6.682703
10.409836,-5.867020,8.111488,2.236838
1.969496,7.265987,-12.174414,-5.053009
-3.707040,2.266393,-0.840162,5.320527
8.719998,10.668312,-7.939105,-11.519783
-2.223786,5.104672,-8.985408,5.022932
-4.189675,3.666679,15.198677,6.901939
-2.044225,9.348517,-0.321592,-0.697154
-0.459793,1.486023,0.150883,7.552282
7.654950,-6.100032,-0.380070,1.031608
3.991070,3.997032,-7.105997,-9.353592
-10.675109,6.116386,-0.001744,8.848704
-1.225160,4.535366,-0.989725,14.408154
0.583853,5.705318,-0.134738,4.865992
-15.693122,5.323892,7.577467,10.653327
2.195517,3.724257,4.322488,-0.719734
5.334350,-2.812600,0.116277,-3.041966
-1.406690,1.934618,3.119168,8.001937
-2.404207,2.111754,0.900628,1.180718
-0.521595,14.752549,-14.166328,-9.232976
0.752266,5.079937,2.882070,5.202812
-1.846862,1.438239,0.537645,11.327915
-0.576287,1.367298,0.737699,1.441679
-4.373359,11.025607,-5.532127,-4.971474
5.846653,7.619138,-10.817621,-7.290082
-1.110668,-0.905076,-5.455247,6.914255
-3.082940,2.067689,1.201349,7.842616
6.454333,-9.476420,7.259582,1.795636
7.230834,0.923073,9.840450,-0.661926
-5.106678,3.968680,-5.137337,7.556388
7.785534,-0.059310,2.192543,0.336112
-3.088770,8.414843,2.258802,9.343109
10.009023,0.301346,5.420802,-3.923161
11.464510,-0.846491,5.824874,-0.329401
-1.182543,1.864808,2.878817,-1.775082
9.216081,-1.714200,3.805217,2.060207
-2.681058,4.600891,1.084046,7.880900
-3.775363,13.628692,-6.145709,-7.809331
-8.151864,6.894059,4.998600,3.466666
-10.902528,6.338739,-1.400683,6.757960
-3.881810,2.770666,7.277156,0.017208
5.395172,6.017456,-9.803194,-12.249826
-4.800003,2.537315,10.156725,14.780972
-2.543100,10.134651,0.814411,-1.344701
-8.850349,4.436348,6.554430,7.226826
6.898097,-4.080000,1.176459,6.908359
-9.070518,7.277345,-0.194044,10.330196
-12.983716,9.870287,3.816270,11.113697
-0.313961,4.430913,-4.680198,5.676738
-4.591445,11.109598,1.635289,6.199830
-1.565897,3.790334,-7.248366,-5.674259
10.853600,-2.027987,4.668572,-1.362478
8.345750,-3.436416,4.728210,-1.312779
-3.582195,0.789319,0.983145,9.611907
-3.149283,5.806764,0.614520,3.705986
-4.109807,8.389103,-1.390214,5.642682
-2.517618,0.413461,2.457891,7.104049
-0.009432,10.345221,-9.960640,-12.043472
3.290488,7.392104,-0.671022,-0.375289
-3.316917,4.619057,1.716466,6.293751
0.223200,5.697697,4.153133,4.250149
-9.997554,7.560008,0.581151,7.944065
-9.402034,5.963914,2.416803,7.908858
3.008657,4.459248,-0.582214,0.204359
6.745772,-2.855011,5.176768,-0.761496
-2.492821,8.384854,-3.569626,-13.089965
-3.283076,7.334168,2.175636,6.556247
3.764785,6.050461,-4.228542,1.268829
5.132055,3.394493,3.378366,1.434042
-1.707991,0.784760,0.910749,7.090202
4.807551,9.347152,-10.825763,-5.861129
-0.947263,6.809909,1.755737,9.627098
-0.142497,2.778439,-2.548919,7.949448
12.321337,-3.251789,7.537624,-5.809839
-0.198366,3.573073,-2.280845,7.077328
9.017983,3.701362,-0.941279,-1.322747
-5.311379,4.459895,2.014383,10.053374
-8.612862,6.647388,5.456445,5.932488
-2.047729,5.612604,-1.841618,5.322131
-0.185268,1.069519,0.150614,12.979955
-0.455362,13.995979,-3.653914,-12.233294
-2.842700,9.900011,-1.434220,-11.884371
-11.613292,4.960645,5.701246,1.679230
3.765963,5.605724,-5.131265,-9.567801
2.159207,8.720609,-10.037399,-6.683947
9.728957,-4.062846,1.119249,0.494353
6.918901,-2.841537,4.381869,-0.405856
-1.463823,-0.095486,3.618462,-0.829700
-1.691569,4.485555,-5.047284,7.650976
-8.296008,6.052207,4.117361,7.558270
-1.433154,2.910774,5.120639,-0.759958
10.547963,-7.975621,6.429482,4.147833
-8.754399,5.605664,7.225893,2.773519
7.842086,-1.819375,2.691158,-5.740693
5.089237,2.774258,3.029876,3.889018
-3.408928,2.253468,3.157902,1.468598
-4.308993,5.582899,-2.822482,3.679627
4.197320,4.426860,-6.974316,-8.545292
6.709129,8.471466,-6.275364,-9.323889
6.345492,-2.258779,9.195893,-2.811733
-2.557158,0.376252,-4.888827,4.226795
-2.740976,8.717314,7.550325,10.066932
0.262450,10.702214,-8.967301,-7.978564
-2.235988,7.467143,0.845737,4.564999
11.616757,-4.958215,7.676445,-1.151466
-5.710943,4.037406,1.999761,7.386692
-8.800036,5.442461,3.039902,10.493153
-5.711425,5.304531,-1.593141,9.323012
1.906757,2.861581,2.602109,9.629299
0.258380,3.563407,-1.182762,0.554987
-9.195733,3.753527,6.642430,7.881078
-2.752270,6.231546,-1.446601,6.567964
15.306985,-3.037680,7.909854,2.271063
-9.937148,3.168487,7.237059,3.810998
-3.266421,8.186304,8.327546,5.011908
-9.638018,7.169242,8.618642,8.487909
-1.346980,10.521283,-3.277884,-8.777677
-6.036930,3.882794,1.102666,11.266364
4.461563,6.085989,-11.849661,-9.189417
-10.464330,9.416799,9.144147,7.826305
3.748521,7.491383,-10.055729,-9.562300
3.045725,8.209326,0.171005,-0.545418
2.143552,7.816911,1.075585,0.873034
11.641778,-1.862644,1.897318,3.776716
-5.159471,1.736681,-0.992498,8.133726
0.101344,-0.919281,-0.285646,1.711002
-13.422663,7.184747,4.966589,10.009702
1.108203,10.175999,-4.387197,-4.147872
1.734681,3.079743,7.379243,-0.281796
-0.177666,2.972279,5.289859,-6.779890
-4.150892,0.864678,-3.382113,11.219330
6.545887,5.656882,-10.234009,-9.874772
1.999475,13.211426,-9.355995,-3.122947
0.043612,4.595988,3.252407,-7.420115
-10.023208,7.419444,7.858810,7.889639
-13.702344,9.466542,7.017329,8.130262
1.605819,0.581914,2.722657,0.632537
-0.209417,0.825526,1.797475,1.480542
-12.588824,9.473691,5.646175,4.311070
-9.292100,9.636053,5.619274,8.167257
1.156565,8.683614,-8.566015,-8.453491
-2.804352,8.942330,1.565418,5.275745
-9.287861,2.562656,3.911626,10.225814
0.536185,8.100474,-10.938132,-3.362076
-11.144539,3.382800,5.945856,6.981662
-2.688844,1.875129,8.671467,3.304861
-12.323436,2.347861,1.823916,8.871993
12.406724,2.568878,2.500365,7.019994
1.680735,10.700248,4.864605,0.792378
-2.440755,0.660583,4.668153,-1.736248
2.993498,1.738653,-0.366933,5.205864
-4.155128,12.451181,-11.900555,-5.938537
3.071627,10.133539,-3.361453,-6.363683
2.718089,13.356322,-11.959801,-9.337666
-6.116251,4.364790,-1.988509,-1.387057
-6.125667,-2.218028,-1.109851,4.960337
-13.163026,6.590225,6.643426,10.647408
0.138240,4.885655,-2.018206,7.720030
2.007664,-0.742469,-4.072893,8.599607
4.557326,4.307972,-12.562090,-14.396362
7.228019,-4.164367,3.707951,4.932482
4.627842,1.603112,5.779214,-0.391968
-15.255432,6.456567,3.017900,10.147623
-2.996389,4.894289,-3.039007,7.166582
-0.036225,0.922757,0.946399,8.794409
-4.948225,4.472646,8.488723,3.545880
-3.472380,0.375551,4.508853,1.612264
2.382639,3.303491,-1.675599,3.909169
0.726172,0.220543,1.264388,13.718102
-3.292115,10.070762,-4.289901,5.113760
1.024148,10.819475,-4.330722,-9.269806
0.798166,4.216395,-3.674408,4.523088
1.816044,4.009336,4.785804,1.849318
-9.651885,8.268545,6.327739,7.125511
1.394822,5.735545,-11.764901,-8.222811
4.865884,5.377630,-8.388567,-9.264461
-3.952626,3.085572,0.449457,0.973879
-0.957796,8.025593,-1.045353,6.446395
-11.443975,4.025955,9.713332,3.007465
-2.156906,6.074343,1.475456,4.555781
-0.793738,6.611805,-6.822361,-6.223148
-11.195785,10.762975,3.743937,4.674222
-1.747009,6.729465,-12.126106,-8.110295
2.652014,5.655958,-4.970975,-8.017635
3.615250,0.614036,1.052716,4.757438
3.565135,1.218073,-4.258053,8.359349
6.113186,1.927442,-1.081306,-2.356905
-6.798403,3.133482,8.172832,8.454837
-3.241619,2.533614,1.723799,-4.084436
-5.442891,9.539895,-8.873181,-8.978148
-8.820630,6.692647,2.693228,9.232583
5.069866,2.235440,0.098387,-0.665904
4.513983,-1.736909,5.181761,-1.778046
-8.278376,8.654344,4.984271,7.264817
-2.430188,4.528846,-2.489668,4.544685
-2.955441,9.195476,-11.669794,-10.286003
8.060234,7.720359,-8.926370,-5.970213
-7.307720,8.662105,9.493118,7.934025
-7.991414,8.405409,2.849786,8.013498
-4.592644,-0.533431,-3.756590,9.762093
1.460948,8.994002,-0.316302,-1.824237
-0.158413,0.083272,0.464110,12.463849
1.775174,10.049557,-12.182638,-10.046659
2.358823,12.282773,-7.842422,-14.153797
-12.035099,5.972380,4.833186,4.524257
7.608034,-2.037811,5.651546,3.090448
0.013950,11.977732,-4.468078,-14.024572
2.739023,4.286972,-2.834268,7.511449
6.554745,9.589847,-5.949530,-8.342132
-8.568194,3.561098,10.857962,9.942922
0.157446,-0.860906,-2.246532,7.223436
-3.719525,-2.007227,-0.421256,5.710305
11.519540,5.640650,3.378679,-3.757555
0.599675,4.186338,-10.598826,9.768816
-0.665132,2.909254,-1.358048,7.582790
-2.664707,9.167732,-11.595128,-6.226862
-9.861805,11.190707,7.284260,5.777231
11.715069,-4.114166,5.668184,2.967581
-5.153706,3.391785,-0.631477,4.662960
8.868717,-2.126737,3.825787,0.714011
13.461442,1.196387,2.426006,2.093800
-4.295374,-1.436133,-1.182684,7.963077
-15.563491,9.337836,7.996033,9.789356
-7.457814,3.265747,6.729422,6.747494
1.957519,9.831858,-12.416685,-11.385795
1.420077,6.030217,-0.770680,4.871170
-0.027963,-0.738169,-0.509587,5.081507
5.015699,-1.420814,1.279881,3.937022
-12.359052,5.040123,5.451998,10.105044
3.449942,5.897322,1.670542,0.082349
3.458183,-1.757692,4.653692,1.063270
1.200694,9.177571,-2.327599,-7.514869
4.322120,-9.946703,8.864773,0.835005
5.243678,-0.057055,4.082978,-2.493206
6.537950,1.034552,10.013013,-3.553157
-0.236731,10.092484,-7.353044,-3.422919
-8.251975,4.559765,6.059599,6.391393
8.346846,-1.735151,5.311624,-2.889479
3.252022,9.805180,-11.128395,-6.691000
5.023095,7.279326,-11.227586,-9.894299
1.346681,10.564491,-15.060091,-8.849492
6.245883,-6.427828,5.227357,-3.649656
4.328186,2.747087,-0.205846,1.310733
1.829214,5.549989,-1.039180,-3.392310
4.616523,10.667253,-8.427514,-11.294373
0.644648,7.364305,-0.020882,5.506795
-1.391406,8.495921,-6.127222,7.430993
-7.567017,5.485964,2.441048,0.126631
-7.502783,7.830020,9.294912,6.330073
9.630468,-5.970927,13.636516,0.042037
6.411672,-4.880012,2.888802,-3.511335
5.427704,10.387908,-3.552774,-9.128002
1.965127,15.335901,-7.085246,-10.512979
-12.415536,7.233411,5.171735,12.309475
-4.329345,5.370233,4.498827,1.074440
-9.280148,8.448370,5.762705,9.256018
-8.988025,7.310557,5.137277,8.814019
-13.513064,6.342398,4.568064,10.112379
0.449670,8.195706,-7.007974,-7.828491
3.738024,3.636808,-6.359787,-5.214607
0.308839,1.727028,2.208130,-4.485024
-8.635709,6.534431,10.105798,1.780004
-8.693500,3.766795,7.599661,8.632237
10.884359,-3.191675,10.737718,2.291578
7.367726,-0.520140,11.045290,-0.675605
-0.227548,2.287316,2.714127,3.959456
-8.317885,4.042942,-1.495287,6.396591
-1.435376,1.811045,10.132151,0.245194
0.946101,8.017808,-1.066530,-0.049146
9.687470,1.282632,14.478883,-1.203687
-10.767026,6.898168,4.074999,9.320544
-9.542843,10.646784,10.315362,6.429252
-2.426924,5.544410,-0.491443,14.692264
4.432986,-0.937242,8.426865,-3.941491
0.913453,4.337754,1.013341,5.170895
9.886193,3.270183,-10.897411,-11.752040
6.762942,2.507016,10.377047,1.270954
10.879787,-3.529876,3.035267,-0.138431
-4.095812,6.697508,-0.525266,4.918506
7.125660,0.319021,1.933181,0.348881
1.402130,3.345802,4.129884,2.981911
-7.497533,4.318330,2.004029,5.725132
2.500157,3.511442,0.558235,10.455279
0.828298,5.020888,-0.945724,5.919621
-1.544686,7.016062,3.417086,9.675439
3.603768,3.958465,3.427514,-1.996172
-9.641763,5.625184,3.755748,2.877412
-11.803562,3.576827,5.071464,11.153380
6.977964,-8.291150,6.658012,1.137941
3.199017,5.465228,-4.934941,10.500642
2.073816,8.197263,3.498613,9.175729
-1.210864,4.893460,3.119541,2.748323
7.541525,1.260216,0.921382,8.481707
1.733325,6.370222,-9.960547,-9.684459
-3.313481,5.902336,-8.872794,-13.304917
-12.644758,9.100861,-2.363059,4.401473
-4.993186,13.038122,2.324288,6.536249
0.403990,4.984572,-0.424314,6.024599
-8.675489,7.367890,8.357167,9.615126
3.269762,3.498669,1.545993,0.495265
5.920675,4.796471,3.757138,0.229638
2.880536,9.099281,-6.223631,-4.959662
-1.659039,8.796568,1.578687,1.820084
1.131976,2.752105,-5.749241,5.379948
0.508198,7.451067,11.568192,1.466163
-1.257994,1.824472,1.759910,-1.092771
11.733115,0.853135,4.529399,2.550945
-6.678747,7.162250,2.113849,5.726949
-0.135217,3.423417,-10.456764,-9.864165
-3.865423,3.665566,-0.631132,2.058371
2.514779,3.324832,3.863390,-0.886286
6.652363,-5.504431,3.142790,-3.718712
10.446882,1.661313,2.867974,-0.716011
-6.387726,6.236457,-4.243710,5.776801
1.699882,7.687138,4.698661,3.996631
-9.079173,7.349520,8.584552,10.885896
-13.091593,5.040060,4.077702,9.232071
9.486282,-3.811765,5.823632,-0.862963
-6.581091,1.419632,-5.529069,5.037749
6.592619,-5.686747,6.650833,-0.813215
-8.453572,3.762044,5.247141,4.248790
-8.205363,10.545816,4.870406,12.536774
13.193073,-0.982319,4.601349,2.825797
-14.446544,8.501187,12.782895,8.345850
-3.362993,2.946737,3.013563,0.484326
4.131085,-1.853467,2.043318,5.573047
6.334818,0.675463,-5.149296,5.423909
0.489615,6.612078,3.046866,0.461840
-3.894211,2.921628,-1.728075,5.339588
-0.233295,7.152004,1.565503,0.638298
-7.074296,7.147739,-5.357834,10.173842
10.784594,3.399858,7.495844,-1.184546
-10.582036,7.836287,8.198603,7.008246
5.588971,2.204426,6.801116,-3.546485
-1.371617,3.972619,-1.108618,3.358407
-1.687087,-1.638602,1.011531,1.366711
-3.833451,-0.589405,2.062256,6.109692
-0.933455,10.203937,-10.421067,-6.140504
2.993354,6.922544,-7.262285,-13.437538
-10.651499,11.516975,2.298338,-0.181166
2.680894,9.938343,-11.530011,-9.943395
-2.149892,10.370561,-5.901812,-5.629070
-2.194763,12.714266,-10.906569,-11.640159
2.418509,1.947510,-0.654771,8.128712
-1.928757,9.150447,-8.871197,-8.104674
-0.532180,11.541148,-0.826246,-1.481688
-5.621179,2.852273,-2.061878,3.883936
0.808675,7.965749,-9.640664,-7.945621
6.993452,-3.748139,6.160442,2.582915
-1.578918,9.771958,0.490528,-2.656396
3.016559,12.625923,-6.266623,-11.391869
-5.526931,4.021234,-5.412956,0.109852
-0.904902,5.195352,-0.946563,4.970632
-8.459659,11.520088,-1.653401,4.500062
-8.501472,5.157532,8.123246,9.409838
-2.474266,6.347972,-15.633212,-6.405896
-3.101722,3.741133,-4.548168,6.622403
-0.346498,3.462721,0.961187,1.367775
-7.614391,6.265600,11.047172,9.428126
-6.619175,5.659194,-7.737361,-7.376372
9.596704,-2.851827,5.023409,-0.053596
0.859134,6.699834,-4.825402,-12.286014
9.280315,-6.839121,3.117893,1.373020
1.807790,11.821904,-9.149425,-9.494206
-0.200897,-4.834642,3.685203,2.214793
-5.326413,4.953352,3.385674,9.090670
-9.255970,6.563952,6.397903,10.311542
-2.905783,2.928632,-0.269131,12.284846
0.285506,-1.970869,-7.611785,2.318920
4.429872,-2.956968,6.726718,1.667152
6.769701,-0.312558,6.864065,-2.854471
-3.506732,3.556934,0.549852,7.066509
2.702231,16.122675,-8.037707,-10.659260
3.171247,4.107322,3.099775,2.887438
-0.712197,6.990058,-7.593020,-5.435652
-11.190947,5.870929,4.910843,10.358520
-1.616472,2.563370,-1.676319,4.152551
11.628357,-1.650162,5.983089,-4.381643
4.023266,6.406911,0.802835,-2.394826
-8.401601,5.985308,7.789223,0.182961
-3.749504,1.093009,-3.170433,4.432525
-3.738460,0.882893,-1.498121,12.644051
11.428622,2.397409,7.160109,-1.872685
-1.795466,8.540242,-2.086025,-0.710080
4.194521,-2.204086,9.982632,-0.590657
-10.067248,9.238082,2.576309,3.925592
6.625722,0.260510,-1.756187,3.805854
11.211909,-2.725882,5.308402,4.242648
1.896752,10.856976,-10.153200,-12.400704
-2.863915,8.950063,-9.043915,-9.030666
2.927873,-3.453788,0.130499,8.675634
-3.646121,4.493573,2.524787,1.594207
9.232308,-2.626206,8.384132,-0.907059
5.209835,8.650990,-10.845007,-7.839928
11.270023,-2.320321,10.474516,1.221116
-10.570926,4.686018,8.684039,4.859718
0.854737,0.820236,-1.116269,6.883073
6.718687,-1.064616,11.862156,-0.891546
0.959379,4.817278,-8.253040,-0.984649
15.867593,-0.992169,8.606833,3.378880
-2.971082,7.109078,3.244889,9.531262
-10.411639,10.175645,4.017502,2.884616
-1.470138,2.671780,-4.119730,10.877376
4.181798,2.943630,-0.008245,-2.744569
8.683583,-4.056133,8.085948,-1.715308
5.453556,2.264136,5.727184,2.950483
10.314192,-1.575077,11.087257,-0.677305
1.058799,10.999836,1.740328,4.999909
10.395669,1.599624,5.031257,1.217427
-2.939594,7.974689,-8.948407,-6.642828
-8.316693,7.726559,11.849937,6.562216
-5.386946,5.631451,3.264406,9.773425
-8.229912,5.392662,11.589383,9.317035
6.099734,-3.738836,12.219687,-0.589824
0.230648,6.327046,0.766594,4.912958
-1.209400,0.336353,-6.141914,6.931043
-2.352163,2.661233,4.053169,-6.706000
10.510072,-0.718979,6.682536,-2.699724
-1.912667,4.284142,-0.579538,1.363391
3.564058,-3.663070,6.595252,2.557060
-1.636121,2.567238,1.120610,1.066160
16.430120,-5.868002,5.921867,2.256541
4.274980,12.009735,-9.132796,-8.237658
6.435564,0.802654,12.703384,-0.149770
10.561897,-6.395753,4.271202,6.227391
-3.358551,0.672158,-0.310740,4.181579
-1.423471,3.643560,5.981274,0.820268
5.574608,8.711864,2.520110,2.032151
9.872609,0.492874,9.888771,-1.636574
-3.530074,2.883216,1.270216,7.313670
-14.783795,13.646228,10.525898,2.110555
11.687072,-1.566673,9.079456,0.875103
-0.227434,1.903540,-1.074121,-1.673571
1.183577,7.977143,-10.595672,-12.630622
-8.643486,-1.227353,-1.585587,10.529053
-0.020037,2.139493,0.708966,-4.334900
6.872219,1.940553,-4.705503,10.500156
-1.290118,0.700183,3.625053,-0.715086
3.332428,10.583367,-5.702424,-15.223616
15.636142,-4.828041,10.148324,4.059753
-1.180936,9.530403,-5.918927,-7.066412
-0.880245,4.621904,-1.000423,5.370856
-4.233120,3.880881,-5.424304,9.612077
1.627809,4.538421,6.268904,1.336986
0.191334,3.757053,1.446577,0.568015
3.526954,8.111805,-11.093114,-6.925162
-5.050064,5.563233,1.677421,8.070182
-7.355807,7.758989,0.287581,-0.447731
4.883220,-3.620586,6.023379,-2.037037
-16.222823,5.476484,5.295255,6.569820
-10.854333,7.941540,2.373151,8.573790
0.022618,4.145767,-2.505502,9.026779
1.824068,2.097215,-1.521354,2.348530
7.287182,-4.571919,5.819976,5.820903
-5.746283,2.393412,0.791576,1.346167
4.071672,-7.252973,9.270585,0.126113
-12.259518,9.302608,6.667434,6.363585
4.438822,4.821301,2.118454,1.196027
-9.307070,3.209635,-0.006515,7.237620
8.985641,-1.144859,5.674772,-1.742600
-4.498917,-0.090124,-4.178942,6.066720
-8.073561,6.089122,2.553864,7.406293
-0.026854,-1.377511,-3.135198,11.045678
-6.668650,4.133123,-5.480726,8.330198
-2.238822,0.507749,-7.109243,-12.022531
-10.481505,9.959873,6.888867,3.864693
13.705644,-3.156496,4.523478,2.672408
4.778505,5.802282,1.869108,4.675165
11.087301,2.673764,4.769251,-1.676809
-5.274920,0.788527,0.865672,8.302232
2.302265,4.530441,-5.847419,-14.495872
4.412057,5.343271,4.377749,-1.425713
0.214803,8.414090,-12.424226,-9.126591
-9.145792,11.726915,9.296000,7.065074
8.329959,3.670169,1.694048,-3.540284
10.526432,-1.556019,2.383215,1.565241
-10.031927,7.822621,5.134356,7.357889
-14.206624,4.008939,2.850542,9.512324
-6.580456,5.337574,-3.753834,4.995239
6.338593,-6.900170,6.321590,0.547024
-5.791169,6.848755,8.066841,4.053289
2.147365,9.069379,0.522489,3.221849
-10.580495,5.054473,6.637235,12.414494
1.730488,-1.225418,-4.009479,7.354601
-10.541683,3.630298,3.317863,2.250196
-0.476928,9.491360,-10.983987,-5.111775
-0.589002,2.337491,2.475642,7.367766
4.097737,12.230908,-10.299381,-6.982746
2.200578,-0.724770,-3.873720,6.054899
-3.468065,3.431613,-1.131530,9.715153
-12.164550,8.870657,8.329130,4.732962
-1.107434,3.854884,0.749807,6.445455
14.605317,-2.007030,5.039201,1.956286
0.159135,-0.105847,-3.275931,6.595809
-1.568691,3.326779,3.466567,1.832005
-2.887585,12.743797,-7.305014,-5.910731
15.818051,-1.012519,4.840951,-1.137259
-2.687748,5.891984,-4.496153,-3.995450
-9.605048,3.324568,9.161326,4.649443
-14.074107,5.937707,1.749711,4.191337
-8.929419,5.872816,9.454412,2.448006
5.545434,-2.414265,6.359703,-5.777454
0.939325,2.278237,-4.985230,4.321889
3.566829,1.889526,9.095209,-2.939820
0.355736,8.067055,-12.643033,-10.161947
1.653015,8.471223,8.097448,-0.022634
-9.970788,2.073823,0.132079,8.592863
4.371254,8.328960,-7.657783,-2.790236
-6.922269,7.087865,6.297581,8.533081
-3.192283,2.400435,-5.633471,3.189072
3.438412,6.190643,-10.874956,-8.490333
0.185946,6.134784,-2.759384,6.074411
9.729748,-8.152770,2.562975,3.583661
2.521292,4.820459,-6.578191,-9.071197
-6.999143,1.181757,-4.022935,8.824027
-7.366546,6.930717,0.130637,11.792949
-6.682699,6.264643,4.648576,-1.328831
9.196291,6.060644,-7.890198,-7.851555
-3.940152,2.103849,8.503991,0.626932
6.802415,-4.715288,7.001477,-1.708218
14.396396,-3.233228,7.681816,-0.256434
3.825589,-0.077871,6.735354,6.909724
-1.514379,-1.532592,-5.687643,8.239522
1.114459,3.937227,-9.893816,-8.273589
8.783000,0.139497,8.596398,1.120186
2.132705,2.170137,-5.733680,-4.563586
-2.281873,1.157174,-3.126431,3.844877
-11.995947,4.991030,7.703070,10.072328
-0.603172,6.132596,-7.827918,-6.340676
-1.308870,2.300380,-2.380897,10.399388
-0.315116,7.751925,2.947811,1.029730
-1.212421,-0.061889,-2.252121,5.196789
0.381073,4.586364,-1.387565,-0.176679
4.540359,5.254615,4.817844,1.853847
11.916367,-0.185544,4.448268,3.317519
0.481783,5.931140,-3.427353,7.318084
-14.777103,7.982777,3.448857,8.997719
3.818026,3.838757,3.897506,3.664284
3.932223,6.604546,3.263144,-4.430000
0.868966,11.446023,3.046998,3.745403
1.825101,5.878349,-10.242848,-12.085082
12.089771,-0.990007,9.215964,-3.396584
-2.621680,6.579418,-2.852629,-9.948050
-9.655962,9.797365,9.717488,8.263263
-1.219896,2.245605,4.654933,9.178510
5.277942,8.135736,-5.688619,-10.454208
11.876251,-9.099920,4.503693,-1.432171
2.993154,5.526173,-0.254481,2.515411
9.008136,-1.528157,12.205080,4.768446
12.694634,-5.890316,2.639056,-5.913085
-3.804137,5.864463,8.040932,5.470442
-9.435840,2.768958,3.681848,10.499869
0.010783,1.840532,-4.423971,6.308442
6.926282,-1.379875,4.015747,2.411072
3.414292,6.065565,0.539193,-1.549711
4.932455,4.322797,-0.910042,9.807263
-14.765695,7.296014,5.334629,2.442763
-3.744412,2.741704,-4.099810,6.443471
3.329670,10.288628,-7.684274,-7.583060
2.073369,6.913667,-9.992818,-9.277668
-1.112710,3.432596,6.038616,0.593819
0.311818,6.499657,-11.449019,-6.463596
4.000600,-4.680558,8.755378,-2.754898
7.173350,-2.445900,11.852580,1.490038
3.723342,8.280277,-8.307279,-7.735016
0.795407,5.138030,0.126410,1.348009
-2.661438,5.476550,-7.692611,4.735966
0.929614,3.339370,0.701233,9.139826
-9.920691,9.161188,3.127546,4.887268
0.846081,11.606910,-8.157765,-10.822668
2.983583,2.534014,3.244876,-3.269612
-8.130146,9.416959,5.234235,12.944144
-15.233389,4.304811,1.356520,3.034386
7.792875,0.025874,4.171465,-2.928593
-1.574242,1.442692,1.614313,9.467894
9.469172,-4.651708,7.019345,-0.933771
-2.611921,9.379041,1.293969,7.239300
3.285325,-4.989832,6.486301,-4.358883
-2.919790,8.132013,6.030310,1.513661
0.122667,2.920582,-5.875120,10.421904
14.848924,-5.359193,4.425862,0.429066
-2.813010,1.004361,-6.240775,7.455752
4.067585,-1.838184,-1.624597,3.800002
-4.424766,0.744948,-3.567833,3.365661
-11.397872,10.783358,6.805168,10.483527
-0.845476,7.573033,-10.539527,-11.231091
14.262946,0.446429,7.211849,-0.659138
10.001925,-3.533674,2.769821,-0.832175
4.937417,12.926529,-6.203366,-10.791685
-12.070216,7.423729,3.434065,6.944235
-1.179909,1.275816,-2.900654,10.211585
5.489499,7.236577,-14.302024,-7.409203
-6.016647,4.078858,6.301076,10.954924
-11.464303,6.232103,4.980217,3.295894
0.800510,3.351158,-2.842002,0.696261
4.650882,4.498356,-1.783800,-0.858630
-7.478320,7.303028,0.001415,3.463975
7.545448,2.352126,2.439883,-0.310797
3.403811,0.709509,3.275239,4.502757
0.738245,-1.271723,-3.526742,7.083190
3.470323,5.767705,-0.703685,8.826471
8.125704,7.137226,-0.683199,4.248713
-1.821953,0.514582,3.412735,1.191352
-2.700036,6.836876,-0.945379,-3.736650
-13.368224,7.466904,9.433821,6.660621
1.653255,10.902053,-10.345403,-11.593951
0.517177,8.562052,-5.117520,-10.060159
-3.506038,4.339906,0.933269,7.718744
-3.103072,4.179585,-0.218345,0.747411
13.047105,-4.907175,7.143062,5.292288
8.213155,-0.102317,8.366468,1.606828
-8.268185,8.897842,0.055263,4.111782
2.975419,2.921628,-1.947508,-3.142489
0.925209,5.441243,8.833194,0.770892
-7.138944,8.046427,9.181826,7.173699
11.656580,-4.280019,7.737354,0.862906
-11.813882,-1.100566,2.033192,10.313847
3.706100,10.934691,-7.393550,-11.066279
-3.494526,8.792206,-0.861941,4.936327
2.808157,4.564584,-14.470124,-6.658209
-1.528156,4.040348,-0.019600,5.436680
5.987579,-1.624307,7.010408,2.270760
1.269445,6.052648,0.856920,2.007831
-4.133492,4.887055,-2.844237,4.966685
-6.960665,3.184088,7.234930,11.901491
-11.235527,8.334692,8.014977,6.696275
3.818023,2.983800,9.061311,1.728107
-10.025703,3.093276,6.123132,10.278633
1.007770,9.661399,2.436004,2.103632
-3.497503,5.621962,2.555288,2.802758
4.414253,9.791956,-14.756518,-7.997715
1.616710,0.678066,1.329208,5.452447
5.289241,-1.636769,8.824025,-1.066514
10.620762,-2.725075,3.581696,4.410854
-2.757560,7.064428,3.212092,7.963799
2.846631,6.975802,3.594018,-6.726053
4.204431,8.807872,-13.111271,-6.537165
10.095128,-6.310305,9.251422,3.526422
6.507352,2.990999,5.920769,2.236790
-8.599316,5.982707,6.120889,7.626923
0.293162,11.819817,-4.903556,-4.995881
-14.785767,4.816287,9.060736,9.754878
8.246151,-3.262082,8.273610,-1.630993
0.850469,9.197968,-11.189587,-4.290756
-0.066082,2.559982,-2.842636,-3.805640
0.519947,11.171909,-8.567552,-12.642728
7.926229,-6.512787,7.425667,2.281796
-0.149171,0.625199,2.605285,5.910493
0.088085,2.490546,-1.849316,2.693322
-1.711177,5.948772,2.351270,1.489207
4.096529,4.797719,4.710830,5.318958
-8.974570,4.687331,5.959187,9.770309
-3.076366,2.667903,-0.855092,5.198172
-12.934357,4.572525,2.625280,8.883393
0.673905,13.085872,-7.411694,-11.986247
8.246402,-3.544053,5.645111,-1.885897
-2.151759,7.640996,-0.651287,13.801656
-9.141865,15.487350,10.449589,6.360987
11.125737,0.555498,7.246147,-0.129514
-1.545422,8.439467,-7.722064,-11.608123
1.478645,4.878634,-9.953047,-3.971575
2.472451,2.089992,-1.555938,2.148794
-14.990468,4.557920,7.383841,9.950804
11.680572,-1.464152,4.173574,1.586660
2.374769,3.193060,0.693855,2.107457
7.110063,-8.153817,6.134216,4.423408
2.131085,7.607656,-14.679140,-7.888284
-13.055473,4.490551,4.355677,9.628220
1.291966,4.028809,2.149070,0.621327
4.771504,4.938278,-0.059497,2.937588
-3.972731,8.321524,-0.602534,4.816363
4.955453,7.501983,-6.053436,-6.627297
3.168880,8.983435,-8.024771,-6.083543
-12.419398,11.295696,5.086475,5.857869
10.513023,-5.580152,6.980047,2.048658
12.712551,-2.115214,6.459200,-3.978708
-0.608087,5.915332,-4.146445,14.315499
11.513697,-4.243487,8.449776,1.701399
3.803674,3.501003,0.021190,4.791201
1.633415,1.227659,1.795957,12.156371
-6.270216,5.569492,3.749876,9.592680
12.662425,-1.284159,5.757071,-4.109328
-13.148671,6.323256,2.064277,11.398829
-0.633040,15.322109,-10.510061,-7.698293
-8.224108,6.954682,9.878196,3.199676
-1.947047,0.589561,9.359967,-2.796210
-9.353325,10.539440,7.153384,6.126339
-1.446689,3.468233,-2.660483,8.653849
-4.376515,10.739194,-9.593991,-9.310359
-2.490681,1.452184,-0.249861,10.876712
-2.756468,1.557870,1.429869,6.414648
0.585949,4.585647,4.884406,-7.321368
-11.927697,10.543685,3.973557,6.538488
-1.358280,9.514112,-2.284466,-3.850393
-0.790055,2.818893,-5.934299,10.853781
4.520406,2.408076,2.547053,1.186628
4.130761,-2.480094,1.936314,2.453965
-2.297965,12.742587,6.514789,10.526408
-14.491520,0.704124,7.722010,8.392275
-7.703570,7.603731,5.591755,9.970734
-0.993121,-4.199876,8.405641,-3.934972
-11.476493,9.378010,0.252719,7.781580
-14.238840,4.450070,5.377781,4.650142
-0.569549,3.839677,-6.163527,2.506294
-10.997274,12.497721,4.636900,1.318474
-0.526759,9.830787,-8.830219,-2.477750
-4.727267,11.505861,-9.416994,-8.820311
-7.072157,3.295934,8.295041,14.790725
-4.265723,5.650129,4.877534,7.156967
11.549744,-4.460960,6.287942,4.547172
9.345898,-3.635542,6.028858,3.412478
-7.052659,7.368111,4.172372,3.962980
-0.231022,9.016576,-11.485817,-7.328452
3.755945,5.978033,-1.295581,0.791773
-4.661353,5.287597,2.058592,5.744241
11.302481,0.840473,5.317942,4.206053
0.953275,6.721620,-4.688034,-10.729856
6.651340,4.458791,-5.014828,-6.782863
-7.133086,3.629905,3.559756,7.545153
-15.459793,4.375827,5.921414,9.609473
-0.115546,12.589071,-5.324961,-8.210566
-2.572267,4.811726,8.337906,6.728899
-2.971452,2.919034,1.850543,6.037692
-0.037594,6.810137,-9.829595,-7.709007
11.355785,-2.973790,10.351760,-1.208703
-6.118753,3.900752,-0.410666,6.704306
6.853573,-5.853541,2.990363,4.883276
-1.607407,10.033982,1.251257,3.305033
-0.159663,6.552476,-7.688286,-6.783503
-18.974236,7.475843,7.993534,9.674726
4.955033,13.907169,-7.905242,-6.688158
-11.107572,3.864326,9.797384,3.485836
-2.595743,7.564219,-8.454246,-5.936862
3.008014,8.037287,0.857094,8.055316
-5.806349,6.947086,3.827026,3.513282
-8.934255,2.301865,5.462187,9.858349
1.025907,2.633087,-5.397175,-5.883520
-13.337583,8.019041,7.925597,10.564879
0.008260,9.907255,-9.742511,-10.077621
-5.218542,1.397162,1.188745,9.474276
5.970568,9.025403,-8.538589,-7.871849
7.097739,0.056053,5.305185,-4.322405
1.732247,3.673873,-9.088998,-3.101041
-2.036698,1.309212,-2.063860,-2.305562
-0.433829,3.653593,-0.735202,0.361896
-6.264101,4.090259,3.960421,6.924072
1.668548,5.621105,-10.783177,-7.516764
1.704208,2.243403,-2.976981,9.559287
-6.395840,6.083272,2.345383,10.209341
6.105377,-0.588372,8.509047,2.931564
-4.249302,2.340670,-4.885803,7.593664
-1.715933,8.241198,-0.521650,-1.799163
1.657896,-0.636780,-6.664011,10.326618
9.907224,-2.938352,3.968716,1.069210
8.167946,-0.864812,6.710866,-1.197826
2.365661,5.141075,3.071980,6.960794
0.173069,0.919753,2.896593,-2.081707
-0.346966,10.278892,-11.135009,-9.879277
-0.045972,4.378928,-3.765644,10.805824
6.489780,3.388626,2.737976,0.045814
-0.144521,1.714924,-4.161768,12.114411
11.504544,-4.506736,2.655924,-0.387990
5.159606,-1.734611,6.254389,5.523919
-0.720223,5.731881,-4.418938,4.853317
-8.735358,4.124518,4.223205,5.250438
-6.132491,6.895944,-4.663545,2.102161
1.606352,8.122035,-1.787102,-8.765930
-2.590308,2.783338,0.266325,0.739962
-9.493039,11.216342,5.033319,8.073442
-4.552939,2.869865,0.616300,2.758739
11.509769,-0.969082,10.029590,6.846730
-1.310073,1.640447,4.864463,-0.679258
-2.262149,0.581856,-6.304402,8.744493
9.803933,-5.595213,5.074849,3.872718
0.804927,2.044758,0.414127,5.825082
-3.675018,5.555744,-0.777838,1.611973
9.703647,0.329718,6.226073,-4.415821
12.738335,-0.319995,2.671163,-2.019003
-9.934019,2.570784,10.651089,7.094497
2.626411,11.180453,-8.466760,-9.586051
13.906858,-3.572457,4.322105,4.413486
-3.390152,8.121599,-4.543124,9.553300
3.057590,3.825067,1.654163,4.130895
2.668658,5.848376,-1.183089,-10.017087
0.200565,12.741251,-1.889357,-8.826269
3.047557,6.693804,0.081489,3.804312
6.185916,0.588070,11.824799,3.737498
-0.120383,7.118065,2.945467,3.387622
-9.685942,-0.371923,-1.198781,4.170131
6.232187,-6.163935,5.994798,-0.811809
12.361482,-2.024990,13.478839,-0.729874
-13.358030,2.181524,5.951621,7.678292
2.724126,10.161364,-10.133208,-15.494499
4.148293,2.558777,7.028496,1.291237
1.032645,2.522455,-3.980373,2.666774
-2.617217,5.255036,-5.777241,7.003286
12.149918,3.365593,1.049313,-0.186988
-9.173984,9.189035,5.090076,9.774459
2.492431,5.381535,-2.692216,7.628469
-1.046728,4.399279,0.147729,2.926964
-2.704606,-0.358772,0.847695,9.400336
8.776877,1.248554,8.981142,2.283731
1.283482,5.228875,-0.825824,9.255925
-1.781070,4.882049,0.960102,-4.476319
-13.641976,6.373325,6.672107,6.221886
-0.726436,1.898120,7.054424,11.197234
-0.835249,0.855125,5.350178,0.484146
0.529972,4.591800,1.919928,1.135029
5.551175,-1.997454,6.128987,-2.945369
-5.118422,6.291230,4.360583,5.900583
-3.761974,5.954664,-5.831152,10.621686
-7.250052,4.865604,6.144857,6.661889
-2.561204,8.208072,4.741048,5.022556
5.042598,3.109343,1.571147,6.281010
1.290992,4.705526,0.217390,-1.570821
0.330561,-2.705058,-3.947915,9.281702
1.273885,9.032684,3.562252,-1.689137
-3.042926,-3.136963,-3.987620,7.300090
13.184618,-1.559464,8.892956,5.506326
1.297042,1.197535,-9.076410,-5.490349
0.840606,11.332785,-10.911672,-5.974725
-10.157962,7.242557,6.649595,2.036681
-1.301134,5.691018,-2.812923,-10.737506
8.554500,1.929517,3.720255,2.783993
6.245053,-5.441771,7.072296,2.157075
1.178382,10.873827,-9.507287,-12.933327
1.990946,6.259131,2.059681,-1.402451
9.863565,0.577702,0.678551,-2.592972
-1.668737,4.910314,-3.602318,6.828718
-0.338975,8.352399,-3.855489,6.460773
-4.529185,-1.869451,-1.638925,7.267206
-0.067615,0.243621,-1.042662,-0.412581
5.320822,9.445261,-7.682482,-6.431396
5.155366,-4.903455,0.790635,0.126102
-17.867424,8.920804,2.614830,10.132790
1.472589,12.322837,-9.009109,-5.871648
-11.859110,9.275362,3.558630,8.415262
-5.767325,5.023845,3.260310,1.286178
4.317804,-0.871435,10.926316,3.795401
-3.437642,10.985103,-1.104820,-5.221849
-5.439558,5.189715,8.424611,6.162028
-1.809091,4.110578,-4.316821,4.383384
-6.390195,9.908037,3.044910,6.857334
3.127985,10.649011,-12.433966,-9.940205
-7.695093,5.714327,6.660182,8.368541
-0.499622,2.247604,6.144710,8.416955
0.300282,8.702384,-8.559938,-7.026671
4.908607,11.447491,-10.298772,-11.210752
3.065893,3.195225,-1.545281,4.683499
13.673791,-3.993556,8.734527,1.298437
2.636785,8.247813,-12.324699,-4.943622
-1.593378,-0.320975,9.838541,-0.314433
-4.178948,6.620314,3.101287,5.191119
7.938670,4.655060,3.657871,1.851319
6.512327,2.197357,7.803892,0.775452
-10.141702,4.738685,10.855740,6.339678
-10.253475,8.708420,8.596032,7.616360
1.488074,9.204297,-12.508602,-5.427236
4.328379,6.637704,1.567500,4.777707
-10.787120,6.058811,1.793511,6.084690
2.054673,4.270853,-10.331430,-8.576742
3.999104,9.673723,-10.092044,-1.784310
-5.465453,7.162505,-0.778827,7.186428
-1.790324,9.277432,-12.140556,-6.279343
4.161643,0.518524,-2.092982,6.067300
-2.929227,0.337422,1.329057,5.406580
8.321209,-2.864952,5.199640,1.380350
2.069714,8.717753,6.833580,0.121946
-2.505691,5.455582,-6.594430,-10.933530
1.002154,5.884800,3.416613,-4.591558
7.877168,8.073312,-5.890694,-12.641018
-1.883532,3.498301,-5.490924,-9.444071
7.488500,5.753549,-8.235269,-8.669685
11.459600,0.325334,0.023437,0.129446
2.679783,6.971701,-8.689998,-4.555220
-1.660702,3.698281,-1.457825,8.585802
-0.156565,12.673412,-5.216964,-5.220133
5.726945,-4.479704,0.909839,-2.092178
-0.517827,10.092383,4.903530,1.160317
0.975194,11.072844,-10.762534,-8.295301
11.768889,-2.310586,9.207166,7.462542
-2.336707,13.587452,-6.985415,-7.201507
-3.949566,0.691426,-4.068726,6.645889
2.851964,-0.502386,-1.257882,1.054159
2.596639,11.175189,6.856071,0.331159
-3.068969,8.098737,1.152916,-1.084162
6.260068,6.566074,0.180185,-0.273514
4.864720,6.153165,3.665057,2.111750
3.856413,3.054290,1.224799,4.269380
-11.666417,5.796844,7.246644,6.732898
-9.819990,3.654315,6.596344,10.321286
1.500047,11.564532,-6.762267,-9.613074
6.571192,10.037893,-5.084162,-6.118053
3.286075,3.542091,-2.535927,1.048729
-11.299885,1.593084,10.948455,5.849016
5.895414,7.224321,-9.423749,-9.153366
11.887048,-0.349457,9.356686,2.171293
-4.332286,4.063354,-0.053368,4.068135
-2.169389,0.043734,-3.063543,6.749990
3.740495,5.686231,4.826657,0.499960
0.914537,7.443406,-12.783395,-6.397742
3.725168,7.615704,-5.262325,-5.534006
9.906669,-3.113123,4.288906,3.815549
1.753836,13.513410,-6.705937,-8.093730
-0.472601,13.087185,-9.127418,-9.973178
4.582467,15.827985,-12.767925,-9.248408
17.062741,-1.118201,7.659467,1.017582
-0.573865,8.551383,-8.691707,-8.988256
-0.999389,2.761085,-0.998858,0.664099
0.942833,4.338284,-0.457767,-0.875886
-1.918765,7.119949,-3.203224,9.349906
-1.242419,8.932831,-1.823303,1.698816
6.906674,-6.180311,3.693071,4.578555
-8.250945,9.085549,5.411657,4.304886
-4.793587,12.346720,9.448803,5.369090
1.200661,3.160042,-4.359344,4.496742
7.952169,-0.290732,9.030175,1.649359
4.955655,1.409968,2.234952,0.260095
1.695871,4.780663,2.633859,-2.573388
9.740637,2.228841,7.400751,-0.943281
-0.714276,8.043692,-8.642889,-14.564466
1.649027,-0.732278,2.700164,1.189321
-1.206947,7.474892,1.102978,13.539480
-1.259675,2.530422,-0.454040,2.849915
-0.021505,2.749584,0.367055,9.285486
12.184221,-5.257796,8.412977,-1.646770
-0.641677,-0.378423,-5.449024,8.359500
-1.827809,0.807682,-0.340573,11.112477
-2.147827,1.227954,0.783482,7.739727
-0.591588,7.432720,3.297542,-0.624040
-12.082575,6.044193,4.789536,7.612687
-6.428292,5.606384,-1.973215,8.311416
-2.597519,4.554854,-0.795801,7.069048
-4.700816,3.770348,2.808262,4.061937
-7.965416,5.040035,4.422309,8.196662
-0.631309,8.163070,-9.828492,-8.889288
-10.667031,9.496327,6.873781,6.585057
-4.849845,3.622814,0.638743,8.777562
0.869042,5.311835,4.714742,0.081268
1.111672,11.322662,1.225969,0.118933
-1.107424,8.134454,-1.384406,7.676045
-0.750511,6.038599,-1.808329,4.404536
0.432148,6.953120,-12.499894,-3.698617
-0.806733,3.218360,-2.673781,11.654321
2.732688,0.022562,0.790448,6.564095
8.588741,-5.002194,9.463816,-3.216502
3.436471,7.118531,-11.396028,-4.620398
9.135591,-1.477116,11.859825,0.865241
9.002505,1.290955,6.100241,7.207315
5.984022,5.209755,3.879737,4.242551
-0.273502,-0.802767,1.451907,13.242187
-3.136010,6.900746,5.299396,-0.996464
-3.599963,-3.698634,0.095353,5.568208
-1.018585,7.710449,-4.434552,-4.389930
1.087287,6.607495,3.824907,-0.193913
9.981932,-4.588916,5.969840,10.860514
1.363693,2.837855,-7.218315,-9.374423
4.058260,-0.209765,5.925659,2.872904
-1.163691,7.034648,-8.895656,-6.281294
-0.936041,3.111972,1.656626,0.004291
-8.674896,5.916987,3.112191,6.051163
2.706043,3.678891,3.243288,-2.381521
-4.879142,2.324112,-1.364140,3.252536
-2.676429,8.384438,-6.117773,-6.784428
-0.268332,5.691184,0.241590,10.871860
-1.712839,-1.584409,6.809729,2.841567
-9.854626,7.654153,6.464664,10.214219
-2.968570,7.332616,-6.227798,-5.728090
0.104289,6.155969,-15.072933,-4.823670
-0.295099,4.360792,-3.154547,10.393949
1.068076,4.094863,2.209992,3.499494
1.075539,1.741304,-0.104554,-1.783060
-12.307240,6.873778,10.706696,7.385404
-9.697509,5.416660,6.281959,8.735361
3.583161,5.134403,-0.858046,1.842115
6.983908,2.224279,6.540894,0.914821
-0.976618,3.781629,-3.001382,8.932234
3.888293,8.503397,-8.407321,-10.630878
-7.711184,8.356389,9.109077,8.776361
5.147349,-0.462139,5.340717,1.821739
13.852175,1.939255,3.477502,-1.108856
7.470384,-0.211755,6.447457,-5.184218
2.105547,1.005585,2.949982,4.876821
0.849756,3.443126,1.870388,0.575748
-13.571093,12.442805,9.773005,8.380972
-4.496500,5.214599,4.373352,-4.087131
7.935794,8.630520,-6.813689,-4.998704
-5.662135,9.582206,5.207154,6.065573
11.436351,4.566972,8.925388,5.230060
9.011271,-3.993064,-3.184995,0.436401
-13.247588,11.065429,7.564310,7.477459
-11.153577,4.454693,6.946631,6.119834
1.353635,8.121422,-5.577866,-10.017220
-15.420289,3.080182,5.548587,8.666969
-4.448162,5.537790,0.605519,0.905377
3.448011,7.851667,-10.494559,-5.122277
-2.363849,4.507384,-3.466442,6.707580
0.927029,2.081139,3.046447,12.222103
-11.840239,7.098783,6.877579,8.551206
-7.368012,8.974340,10.984166,3.246245
-1.484950,1.181055,-3.014695,7.337001
-8.532896,8.148237,4.833501,6.988460
-1.214551,11.842449,-9.343000,-8.982291
3.432545,0.819928,-0.089757,8.138061
8.742907,-8.928932,8.022367,3.879573
2.860160,9.184923,-4.870732,-7.826923
-3.374200,1.997186,7.301013,2.809833
15.111404,0.597976,6.365976,-2.491621
10.855421,0.688942,0.637519,-0.542338
3.600888,11.299478,-7.891025,-7.014196
-3.091994,5.250704,-0.024032,2.945452
-1.272801,4.402214,-5.693122,-2.564187
-5.938109,5.949165,0.240282,9.566328
-2.337580,4.210979,6.791863,-1.488838
1.918148,0.185331,2.960278,8.842994
2.062399,5.094333,-8.610478,-9.820232
10.533680,-0.658709,8.043735,-0.580112
5.938421,8.005791,-0.822836,13.335766
12.143681,-1.492102,6.679590,3.324709
-3.485188,-1.458940,-0.738622,8.107938
6.371874,-5.362808,7.054473,2.028314
1.141784,5.200720,7.000780,-3.752379
-10.759593,11.495500,0.274463,6.502533
1.759703,2.002009,-11.928955,-9.965518
-1.435264,2.807232,2.561038,5.705897
-11.390215,3.941550,8.097688,5.604965
-7.144486,6.873658,7.357774,7.849224
1.891506,6.489566,-8.742487,-10.707692
-1.836542,-0.236289,-0.508309,9.659438
-10.969873,9.334192,0.880258,10.999525
6.452028,-3.279959,5.740830,0.177113
5.444338,5.867699,3.891049,-3.126827
6.651251,2.209894,-5.707342,-7.513788
1.418573,1.371393,4.693437,2.803937
-1.055576,13.964909,-6.099540,-3.701861
1.598082,5.226985,2.533019,-4.977983
-3.321355,-1.642236,0.005305,7.715404
-2.519179,7.006267,3.452255,-3.711067
-5.134330,4.166181,-1.850978,8.203054
1.971980,8.533326,-10.640430,-8.304160
-4.549569,4.618490,-3.397588,6.316639
1.731514,8.712730,-4.699048,-4.750177
-3.843049,0.184627,7.655317,3.170069
1.909644,10.542428,-14.058316,-4.866273
13.294546,-1.304945,9.046386,5.795094
2.372620,8.928742,-4.361448,-9.692474
3.252917,4.624049,-1.591717,8.590351
1.469527,6.362003,-6.501051,-10.594816
4.256970,6.411307,-9.045801,-8.118330
1.275635,-1.256634,1.358763,8.388004
-1.465113,-0.043566,-1.897885,2.520688
9.279480,0.749232,1.409019,3.609980
0.705124,8.406579,5.158497,-2.090974
-9.582125,3.696208,5.028298,10.171682
0.866657,9.629386,-7.253940,-11.506295
-0.062478,1.919878,2.649169,4.143469
2.002072,5.789326,-7.521202,-7.488340
6.981536,-6.936044,9.304844,-0.958646
-2.395918,8.929933,-7.486655,-2.216262
-1.095353,10.749425,-14.910380,-5.038943
7.511130,1.643435,8.356446,1.361217
9.940682,-0.698105,7.782132,-1.063710
1.901264,0.169537,1.119339,-1.623208
-0.310694,2.408424,6.562547,10.855978
-10.772924,7.087678,5.387010,9.459653
2.986372,6.424912,-2.086760,-6.643856
3.896567,15.871620,-7.302022,-2.714626
9.531612,5.164457,-9.262542,-4.262275
-1.528072,3.709067,-3.307267,-6.176628
3.071642,4.315100,4.850813,1.917559
1.071980,1.928773,-6.496450,-8.170050
11.941796,2.291629,1.436758,0.369133
5.459724,-1.906168,3.334044,2.928388
-13.787419,6.498916,5.439417,6.693919
2.203960,10.385760,-8.796918,-6.387361
6.745096,8.745332,7.657944,3.615798
12.917078,-3.509444,5.356812,4.051720
-3.014290,6.567615,-2.264302,13.939748
-2.604584,9.002003,-10.454181,-10.482551
-5.306266,3.003744,2.779610,5.615652
10.225242,-0.493127,4.084867,2.509903
-4.023462,3.434900,-6.195907,12.031146
8.519528,-3.479674,5.835524,0.391284
5.958093,0.053977,-6.351341,-2.667610
4.394472,0.599310,3.262292,-1.156767
4.153352,1.236094,-0.510454,4.669323
0.307116,14.089550,-8.257895,-7.693050
-11.593247,6.496064,5.989180,3.797772
-5.813263,7.645407,1.662472,9.058564
-0.377639,5.100851,4.224569,0.971500
-3.907172,4.121956,-6.982332,-10.657497
6.764865,3.100576,3.473403,-1.176414
-3.849789,2.109713,1.227861,6.940491
0.049231,-0.724224,5.512262,4.136519
5.180305,3.072642,3.642098,1.636107
1.869111,1.234939,-5.337079,5.460190
9.463727,-2.995341,5.344304,0.108988
-4.110551,1.389097,2.047489,7.454259
-5.377079,6.116400,-11.007460,-7.536120
-11.132174,7.488447,12.546281,12.597635
-10.968423,7.458503,7.187374,9.081342
1.943613,8.279209,-2.393800,-11.851245
4.577505,15.221323,-10.778884,-0.456686
12.683034,-0.205610,5.418562,3.349959
-2.996079,2.079992,2.524977,1.575555
2.348199,7.190813,4.367778,1.627168
-6.926218,-0.396188,-0.026865,5.949787
9.136412,-1.215303,4.502621,1.832508
4.277123,8.197853,10.143940,0.675890
11.162090,-0.405810,5.112439,2.433164
4.970738,6.274346,-9.472816,-11.204120
-1.717888,-1.821909,-9.744291,4.585180
-0.983844,12.614383,-11.643557,-8.860156
14.787800,-5.283418,7.757346,3.357972
2.100067,8.330113,-8.596617,-8.467421
-7.375619,0.037566,-3.598754,8.158017
1.212283,9.224129,-13.114020,-2.460303
-6.070667,6.845793,6.566704,6.572439
-4.088420,3.966389,0.457798,2.832829
6.955460,-3.182046,-1.148311,-6.757784
1.789781,1.899297,0.113723,2.314405
10.982788,-0.106516,5.991338,-0.501335
-0.723049,3.380713,2.862340,2.472417
-4.832569,4.870123,3.626941,1.162930
-2.495796,3.366911,1.582266,7.667834
-9.291400,4.886056,5.418448,9.681721
7.160232,0.892942,3.952604,5.179885
1.927752,5.863909,2.732093,2.246800
-8.611771,7.102688,7.576969,6.206179
-0.056147,7.315869,-6.232437,-14.509414
5.960983,-8.146546,8.540192,5.484342
14.221000,0.864228,10.661636,1.006948
2.711835,5.352751,-0.237164,-3.415711
4.673029,5.213904,-4.576869,-10.158048
7.010040,4.170001,2.640477,-4.447025
10.988511,-2.468796,2.663308,-4.896181
-8.974111,9.201308,3.400223,7.757051
-7.167306,6.653764,4.882983,11.245395
0.355436,2.269501,4.317242,4.093610
2.320856,9.392332,2.010694,3.361881
3.746719,6.825374,-7.997428,-4.476491
10.225455,2.185531,8.119613,1.873555
10.524417,-4.154773,8.978461,0.476417
-9.770933,6.310739,5.819800,5.093620
10.653900,-3.528670,5.611951,-2.678174
-7.452000,3.588635,6.260032,6.935493
-8.207684,8.367556,3.832570,6.265859
-9.470795,5.558019,1.415148,7.498386
-6.225779,13.346849,4.785525,8.659356
-0.686279,5.852545,-8.898986,-8.055424
-0.512037,4.079372,2.091963,5.605443
6.844007,5.474067,0.098042,-0.275196
9.725350,-0.244615,5.852317,-2.568803
-2.720640,5.265619,-6.417941,13.228078
-9.414741,4.840756,8.709876,0.628740
3.032728,13.158421,-13.690289,-7.816838
-5.671139,1.079967,-2.392125,4.088613
8.736008,-6.985493,10.665878,2.270530
-7.914697,8.520187,3.614599,12.217564
11.450521,5.657011,5.559068,2.531528
7.071805,-3.928483,5.000681,4.669126
12.505200,0.102099,-0.860112,0.274891
2.977845,9.365785,-8.331633,-4.038812
5.757332,7.972718,-4.848005,-3.119705
-4.941876,3.305369,-1.056183,9.950703
12.307599,-5.042242,2.913914,6.812588
2.116602,11.542086,-10.820263,-8.938834
-9.078879,6.120242,7.900434,9.991043
-9.676633,4.984105,4.558309,8.691936
-1.745625,4.459624,4.242539,1.284612
1.979281,6.632352,-4.402778,0.219897
10.021296,-0.685514,9.239195,3.886741
-10.092812,4.627883,3.580985,3.543011
8.622633,-4.507016,1.653192,2.794014
12.942149,-3.325096,7.634461,-1.727252
-1.138240,-1.300019,2.290004,10.345368
-1.412522,4.456035,-1.042458,7.018632
1.370992,0.087107,1.005921,6.968080
-1.730739,9.998568,0.418381,9.154027
6.447809,-4.439673,1.697990,9.353647
4.325343,6.728736,-10.612359,-9.773818
1.658448,1.253571,1.710942,1.823917
-1.147198,5.296903,0.665816,8.855534
10.612550,-5.762204,6.141281,-0.228843
4.838826,7.139845,-8.455399,-9.110351
1.454173,6.548070,-5.619991,-8.394086
13.368072,-4.943986,8.816207,2.546710
-12.960528,7.357067,6.361349,7.766607
-9.538456,8.528648,4.717037,10.024873
7.948078,-1.778225,6.497773,-1.902542
-0.610339,4.824923,3.754903,1.336577
3.550042,7.727093,6.455004,3.455319
8.964967,-2.878112,-0.163302,0.042785
-0.806022,6.353921,-14.461885,-11.682539
-8.468223,0.390167,-5.877020,6.630169
-1.457532,6.669755,-7.906633,-17.069805
-8.398791,9.328287,9.257637,7.330001
-9.031628,6.079543,1.010924,11.133254
4.491737,0.723950,5.983556,-4.227648
-12.084173,7.989279,3.073841,0.546394
9.954771,-5.492357,10.429760,-0.401582
0.419963,12.165024,-11.841675,-8.412031
-7.041434,4.876994,-1.813603,4.307955
-10.971095,1.365070,1.708508,7.961013
3.844185,-7.909740,7.077421,0.949777
9.593417,-5.066814,1.429400,2.307335
-9.774971,3.315902,6.672775,8.129208
-13.664450,5.551508,6.139010,11.549220
-2.368247,-0.622975,1.788249,11.988020
-6.717732,4.684109,-0.095286,10.864596
2.574710,13.462700,-7.831616,-5.904938
-3.028726,11.927728,-8.594353,-5.342651
-1.220369,4.432866,2.738626,8.489170
-10.965904,7.663862,6.777936,4.217400
-0.260545,3.093410,-3.434818,-1.189842
4.255921,-0.464944,8.417421,-4.495095
-9.197389,8.433569,5.900774,2.468982
11.982521,-11.353481,-1.156901,-1.125511
-9.677783,8.946947,3.067954,3.167671
10.288202,2.009207,5.191015,5.567015
4.038835,7.164851,-2.156494,10.804498
-12.238680,4.622329,5.778397,7.117144
9.240512,-4.523590,1.903909,3.815290
3.335254,2.904530,-0.778071,-0.332485
9.672795,-3.956205,3.238594,0.300314
5.209786,6.661199,1.882859,-0.275987
9.741685,-4.001539,5.367988,2.531805
-10.547395,3.889573,3.949664,6.727172
-3.668493,5.899711,5.836974,0.596483
-13.074252,3.664265,6.109178,3.625653
-4.564275,6.669592,-1.951870,5.245393
0.486091,16.402103,-10.091563,-4.990152
-2.758332,11.557292,-7.785120,-5.162846
12.352747,-7.647863,0.757284,-2.260763
10.268326,-2.828056,4.619182,5.813752
3.244169,9.120050,-11.665128,-7.657836
-12.370910,6.634183,2.598259,11.866554
13.187575,-2.610883,5.415887,-0.144912
-5.442457,0.461805,6.817528,2.366236
2.472341,7.447704,2.908107,6.125670
3.799023,5.519400,3.549425,0.819087
0.252257,1.669216,4.153409,-2.286003
-10.511355,2.438273,4.465884,7.108419
10.548248,-4.669824,-0.515108,-0.067291
4.356178,1.063993,-1.387138,-0.415796
-0.126652,3.401201,-0.288160,14.072990
-5.200422,7.502433,5.573365,6.019761
-0.130136,0.301407,2.282105,6.957677
3.653896,2.381725,9.765090,0.852209
1.226314,11.827829,-7.383846,-13.514671
-10.049448,4.479211,5.679504,7.040787
10.289818,0.002841,7.873629,-0.579596
-7.762560,5.262222,4.779104,13.012515
-5.871756,11.138404,4.898851,8.926934
3.441027,4.319665,4.456962,1.132444
4.714928,7.403975,-10.524429,-7.699198
6.359228,-4.923314,-0.416276,-2.875552
-1.897853,4.432792,3.922833,9.974509
3.527862,1.786415,-0.980055,1.152568
-4.427697,-2.277312,-1.398578,9.130362
11.113303,3.199930,6.647774,3.987241
11.204967,-6.654146,3.418606,1.294157
5.974660,-2.070165,5.976414,1.296770
4.608309,2.656200,-1.255630,-8.309269
-0.809643,1.094220,-4.048204,7.732035
-0.783942,8.381576,-8.507349,-7.755143
-10.307877,5.981942,3.184700,7.373842
-8.219108,8.473123,2.212499,6.138656
3.767496,3.777838,-2.210492,6.891532
8.965944,-4.190584,5.623482,2.971283
1.093031,6.517091,0.120203,6.762723
-10.820303,9.400142,5.622483,4.502378
3.288289,3.912468,7.521013,0.670712
-0.556145,0.761891,1.970721,2.182659
10.450378,-4.294629,2.730115,-1.753544
2.677666,3.393184,-4.673960,3.902549
10.739327,-2.655055,1.568790,-2.230130
-4.187617,5.552794,-0.988898,8.578579
-1.293211,5.208329,5.172557,2.334949
7.043573,-3.516836,3.357163,0.846758
0.160639,9.515005,-7.420316,-3.707408
-6.624721,9.726961,7.909084,2.853487
3.857942,4.981309,0.406772,-2.398049
-0.815678,3.590022,-2.216915,-0.582296
11.907028,0.980152,5.203878,-0.754711
3.394759,8.303541,-11.751362,-8.677777
-1.029313,6.905306,-1.393290,6.011156
0.969210,9.148860,-4.975415,-10.655708
-0.975644,0.618953,-2.567006,3.525836
-4.789180,7.656222,-5.633667,-8.139796
3.136221,0.995069,1.750176,0.955502
-3.030040,10.915263,-13.012070,-2.376555
1.069672,6.740016,-3.641364,9.243577
-1.320837,5.971148,2.086315,3.057765
11.734205,-3.403567,6.095914,4.263404
12.014909,-3.104854,6.160947,-3.908334
-9.776728,6.687137,4.285060,4.792242
7.050089,-2.151142,9.255966,1.096372
-8.384819,7.146106,4.065897,9.881403
1.062147,1.148789,-2.065854,10.048025
11.762145,-1.091015,4.082864,-3.414805
1.440277,7.428492,1.937464,-1.949135
-12.610335,8.549367,3.271676,8.324011
-2.820193,4.636136,0.784415,11.757012
5.663525,1.202924,6.160445,0.710286
9.346795,3.637910,4.714996,1.001009
9.645610,3.180072,5.860166,-2.473150
-12.473216,3.079256,10.829681,7.262860
1.444064,7.797177,2.629682,12.380107
-3.886309,-0.611537,-5.090676,12.820416
10.982094,-3.154068,2.539250,2.647061
-1.464518,2.738863,1.835909,-2.994475
7.511600,-4.259724,4.075460,-0.762715
-0.918261,6.657968,0.853785,9.925412
1.955556,7.059392,-7.958193,-5.992453
-9.628351,10.313524,7.423374,6.790044
12.479448,-3.032769,5.529085,0.130667
-0.224776,-0.113181,4.794873,7.531577
10.202366,-6.356284,-1.086373,2.772676
-0.553585,7.834500,-8.734951,-9.730522
-0.825703,8.960517,2.915981,-6.064119
1.258910,7.839504,-9.047215,-11.466326
-9.903887,10.336938,1.261375,5.116084
1.769560,5.333584,-8.822201,-9.831059
-2.237663,8.274829,-6.113660,-8.769665
1.424005,2.661037,-0.491261,6.663066
-4.347406,11.824032,1.578540,7.972738
-8.219114,5.163937,7.161740,8.227885
4.825827,-2.210598,9.942707,0.496464
-6.604015,5.105921,0.849153,6.939181
-14.598483,7.618104,5.990900,10.063651
-11.548637,6.543158,3.957937,5.129451
0.547111,6.461230,-13.191592,-8.561537
-2.912585,1.038412,3.884254,12.078705
14.043024,0.605021,8.636992,-1.866227
-14.461509,5.841500,8.570899,9.503770
1.495021,6.433913,-4.097337,-10.222574
-1.041111,3.225128,-0.384171,-4.281184
1.488600,6.751193,-14.423807,-9.280388
-7.824336,7.910860,9.877297,6.772742
5.508052,-2.370271,7.935573,-0.067921
7.922410,-6.588872,10.187356,-1.119446
8.770425,-7.107817,6.645732,2.165496
2.604102,6.451604,-6.928571,3.540476
-12.189450,5.694935,5.976868,11.142220
-0.060480,4.433972,-15.359206,-10.937857
4.640425,3.725262,1.955310,-3.694747
5.728361,-3.336444,11.314686,-3.790595
1.092162,-0.666358,-0.901265,-3.517841
-9.809687,7.069061,5.272848,8.609589
-2.943310,9.278179,1.700775,-1.142871
1.458254,1.445852,6.880834,-0.787073
0.791356,0.005581,2.317862,3.713904
-0.615935,6.019753,4.479772,12.827079
5.458507,3.688313,2.994471,-1.664624
4.218291,9.022561,-5.759624,-6.660928
4.356777,2.701166,-0.314882,4.600377
-9.630309,2.802059,7.545881,7.053131
-2.330933,1.428058,2.760903,7.475337
5.439152,10.600149,-6.532675,-8.291056
6.930796,-0.157236,7.824608,-2.535746
0.871103,7.130909,-12.581702,-6.711057
-1.659323,7.773260,0.465074,6.204378
-5.679203,5.128850,7.483631,1.115535
2.088745,4.729973,6.615252,6.056432
-12.107886,12.075475,7.580790,6.157096
-2.995627,9.429341,-12.036839,-6.624347
6.903393,-6.959443,3.532504,-6.530971
4.774424,12.338581,-7.695481,-14.814453
8.443015,-4.013694,2.185589,0.248554
-0.185832,3.235042,-1.164969,6.558833
12.103076,-1.429735,8.855302,2.031939
9.721670,0.034718,9.415932,-0.975270
-8.345494,11.328812,4.175851,6.344078
6.972366,1.197011,5.081734,-4.750717
1.647801,5.292656,5.913220,-3.623332
-3.879568,5.111763,-2.277961,8.047782
3.964521,10.624039,-8.621768,-15.911426
6.446516,-3.725952,5.461198,3.737415
-1.660205,10.128929,-9.928985,-12.159304
10.359137,-3.209306,7.699965,-1.831820
5.276328,5.558981,3.361906,-0.900009
-7.587312,10.956750,4.643447,8.503975
2.987981,2.181270,2.174568,-3.803320
0.496332,12.286524,-6.858010,-11.188038
-3.921678,7.934428,1.577351,6.959440
-4.849319,6.270857,6.864103,7.908468
10.321985,-3.030219,6.717067,-1.825122
-0.084025,-0.545635,1.179755,-1.386813
-0.652314,5.551937,-1.413280,3.241258
0.532814,1.458474,-10.910980,-12.242549
1.278289,7.432036,-9.368087,-6.671121
3.716227,-4.471151,0.547814,3.069451
9.265584,-0.748128,5.166637,-0.896557
-7.878238,12.142077,9.819088,4.467360
0.720923,2.610884,4.955572,2.421867
-10.513169,9.980623,7.024977,6.488691
-8.904948,7.098859,15.441218,5.893119
12.089750,-10.480011,7.187923,2.378399
-2.657256,0.190785,-1.683767,6.226462
6.329950,-1.835620,5.784563,1.000696
14.411430,-4.393061,7.958117,0.512165
-5.889590,5.058241,-3.993952,-0.720700
-12.148336,7.967498,7.437674,10.022078
-3.404733,4.334866,1.650662,8.466154
-2.715274,9.680733,0.769654,8.614958
-9.314550,1.875519,11.004554,7.089870
-13.962692,7.266184,6.272028,6.774274
-16.470047,4.179042,6.782979,9.244394
2.644698,-2.006164,-1.713363,8.033641
4.215785,-2.079986,3.631693,7.201145
12.323287,-3.323297,9.909646,0.760468
0.274912,2.878131,-0.725137,1.254410
-3.279185,3.923199,-8.560949,11.180234
1.550623,6.945321,0.693026,1.155520
4.933681,1.656531,5.441050,2.385666
-3.653800,10.077969,-8.887500,-9.874397
14.611932,-2.422887,10.565765,-1.860508
-12.720936,7.541419,14.415522,1.625039
-7.488745,10.551794,4.907369,6.332449
-2.677545,3.388896,5.142074,0.680803
-11.729164,9.963923,7.812763,5.329710
-8.350445,3.092029,1.763273,12.159900
11.197270,0.170384,5.919010,6.513016
7.406820,5.561148,-8.698798,-10.387371
0.317647,1.051677,3.110608,2.035370
-0.120861,4.289395,-9.176368,-10.984375
-15.172957,6.671731,9.893695,8.716611
4.375171,-0.129999,5.522354,3.221573
-4.813918,-0.360808,-2.241288,9.186327
0.481273,5.133703,2.664386,8.149895
6.765225,7.555698,-10.878076,-3.861961
-2.444762,1.602459,-2.358748,4.957694
7.099800,-4.739922,5.766494,-3.995287
15.290930,-2.086195,5.596873,0.859803
9.837596,-3.088304,1.743869,-1.997694
0.839158,4.965310,-1.034538,-0.152166
2.358761,15.999916,-7.574661,-7.525159
2.644158,6.981209,0.788323,1.211806
-13.087610,7.944868,5.964856,4.965230
-1.460266,4.548243,-0.828290,6.803323
-6.944713,2.859914,1.933889,5.255073
-0.399122,0.177099,1.180966,11.075254
8.028892,2.938266,7.778622,-0.568216
-6.485315,6.115663,-1.056567,3.013500
-11.152087,4.298219,2.550256,7.187994
-0.810859,2.569215,-7.078626,9.360358
8.864962,-7.447797,2.063211,-6.377977
-7.410843,7.000194,1.316673,8.349948
-11.889313,1.843169,6.410948,7.965520
-0.549505,3.292191,-4.286275,4.753569
-1.026868,9.349553,-0.502490,0.966543
-7.268132,4.908567,-1.710473,11.416295
-0.998827,4.625852,1.921211,2.229612
-0.192560,5.985059,-2.742891,6.541217
3.087902,10.165035,-6.778399,-4.928739
-0.359898,1.899519,-1.419193,6.646904
11.481752,-5.304786,6.210025,0.797357
5.566149,12.206893,-5.575804,-11.191569
3.269691,6.208985,-6.723840,-7.707930
10.471775,2.316764,6.713072,0.257754
-1.448164,2.574877,0.982405,8.466538
12.447128,-0.515506,2.382684,8.241247
6.363017,1.404960,7.925115,0.384242
2.406965,4.749136,3.642403,2.165550
-3.374485,5.539643,-7.809101,-10.956297
1.052427,6.134963,2.913305,3.833366
-8.903224,3.795836,2.392321,7.430556
10.831063,-4.348919,9.355334,-4.198790
-9.158791,7.187527,2.924447,7.648997
11.323749,-2.321838,7.797681,-0.771861
-9.128279,11.531869,10.615059,7.094910
4.110700,6.832130,-6.616756,-5.885773
3.291642,6.774300,8.544975,4.907248
-0.820834,11.066159,-5.914029,-11.591384
-4.506988,9.044099,-1.133902,6.098706
14.323357,1.391009,5.223656,1.862775
-12.251650,8.489382,5.075294,8.203481
-13.666967,7.296722,7.375586,5.952134
-1.157361,13.502196,-14.230216,-8.140202
13.564926,-6.301395,4.519432,-1.651559
4.223635,-1.299031,7.955975,4.158142
7.421228,-0.766687,9.077341,3.246026
-12.160776,7.083256,4.570646,7.804374
-1.137831,7.133570,4.296833,-2.669171
-11.718868,6.166429,4.449915,11.057564
-4.476259,0.222916,1.157899,2.295864
9.562693,-5.855630,5.467624,-0.705229
-8.766226,6.305753,8.528254,8.634125
-7.923602,8.988909,10.862832,5.705808
-14.268169,7.927132,5.080813,11.345961
7.260385,3.586457,1.679857,3.164658
-5.680850,3.142215,6.845146,5.939613
11.367544,0.228275,4.020278,-3.648774
-3.592201,7.886056,-10.712120,-8.100373
13.567585,-0.421409,5.634812,0.674888
-7.962510,4.472835,3.502295,8.407971
-11.140267,7.905960,-0.583363,4.431010
2.290063,6.299564,-13.190038,-9.944178
1.916043,8.729238,-9.122172,-7.285972
-10.101946,5.482661,6.431929,6.346878
1.660430,4.908227,3.677588,-4.556569
7.750176,-2.752620,7.737521,3.789717
0.040037,8.677043,-6.256966,-5.372407
-1.621668,9.019857,-11.374422,-11.120503
-5.723199,9.182702,2.468896,3.255083
-0.227623,3.353821,3.845987,-2.064196
-0.911644,6.402484,1.724472,7.275333
7.759596,-1.490934,6.688493,-3.841803
2.606644,12.102542,-4.356167,-7.726752
-7.761103,5.676452,5.898244,9.644024
-6.615298,5.108433,-6.820706,8.983254
-0.844866,7.760631,1.777536,9.418252
3.877468,5.283369,-13.154196,-7.730275
-3.698690,-0.441002,-3.638582,12.479660
2.280694,5.924071,4.252540,-0.228004
-9.957052,5.858587,4.128667,3.626838
5.858195,4.579142,-8.831119,-8.089952
7.517771,11.467860,-9.697799,-12.716121
-2.091173,-0.189361,2.285233,0.919959
0.277935,11.872319,-7.575646,-7.783725
-10.539629,6.492945,5.238742,4.717532
-1.677152,0.387035,0.701870,6.742951
0.053897,6.310407,-4.534939,-7.820985
0.109254,-1.692131,-1.382734,1.038862
-6.301248,2.927549,-4.420677,6.167505
2.110505,4.899178,-9.345147,-5.010616
-2.995351,5.208507,-4.575474,8.413308
1.720870,4.021893,-0.141590,6.976505
1.175822,5.211203,0.152301,-0.190560
-11.894317,6.226586,2.130314,9.026064
-2.774178,2.881748,-2.199151,-7.934634
2.450220,1.891935,-2.872335,8.110026
-1.895172,0.258514,0.850595,-0.507764
0.308453,1.564550,-2.988387,-1.769250
-4.542840,3.222104,5.265239,9.821683
-4.416097,1.113489,0.016488,-0.795290
-0.916285,-3.335414,-1.269068,13.565132
-4.581742,0.954172,-0.626604,9.586170
-5.074913,8.484660,-9.057091,-12.388934
3.530473,-2.026256,-0.352115,10.567397
-8.925450,6.718300,4.884422,9.801901
-5.998451,12.165409,9.543636,6.881801
3.232110,5.992756,-1.529693,-0.603565
3.754555,-2.965455,5.145511,1.138837
-5.036377,5.434417,0.418132,-4.756094
-0.391206,8.582264,4.863655,2.932804
0.296930,10.711971,-4.612622,-11.913127
-15.909620,-1.006958,1.835136,8.006203
-16.240504,5.625533,9.963626,13.311116
-1.998820,3.746602,-3.123994,5.625987
1.830642,3.375655,1.969681,-0.076527
7.618961,-3.381389,7.981851,1.053901
-1.403657,4.698280,-1.217699,14.430349
1.601095,7.233704,3.124367,3.017383
3.501164,3.555412,2.203752,2.379174
12.310080,-2.457701,7.700532,-0.644710
-13.967584,3.890826,7.611130,6.333824
-10.077905,8.418124,7.812991,4.154310
0.373698,1.091437,-1.926623,13.612877
-4.291402,5.656591,0.003235,5.876316
-9.630098,5.629493,8.329246,8.764715
-5.649769,5.558827,11.543847,12.154878
2.054783,3.870087,0.970470,4.091419
-0.813268,8.413529,-9.994119,-6.566108
2.239025,5.043594,0.178596,3.874074
6.365918,-2.386291,5.222394,-2.265323
2.771024,7.748954,-12.071943,-7.487226
10.160468,1.060382,3.826524,2.995840
-4.035221,3.911160,-2.057899,11.636853
-5.638620,3.849576,-2.769366,1.803113
9.507979,-1.199821,6.284640,-3.823850
5.032286,5.958248,-3.999517,-7.149061
8.028250,-4.890555,1.544095,4.576314
-4.484306,11.184280,5.619579,3.760602
1.716264,7.634873,-2.275732,4.837170
-0.184342,2.772909,2.607044,-0.258806
0.810212,3.511975,3.113717,0.439340
2.268583,3.854113,-0.962843,-1.566986
-1.837371,5.603111,0.837442,3.070769
6.718916,-3.345719,8.141404,2.397391
12.891629,2.027464,5.748451,5.628272
1.080856,11.204200,-4.815464,-8.220163
-12.911396,6.575521,1.177824,14.321036
-9.295047,2.727644,2.295792,2.408186
-0.426209,1.716307,3.922825,-0.995912
-14.563113,6.371733,2.292892,9.734267
0.738406,9.385580,-5.718840,-5.863822
2.673979,9.418423,-7.748843,-10.994347
-0.085712,0.178933,0.124412,-5.772546
6.216598,-0.238941,3.723955,-1.267164
0.702632,7.791080,-9.264538,-6.284049
-5.404624,2.494302,7.590083,6.773836
1.202148,6.761844,-9.648017,-6.152893
5.830433,1.830560,3.323009,2.540105
-10.540187,8.249397,7.005726,9.310253
-3.530920,-1.029214,0.457159,4.169913
-0.464456,2.734034,5.118942,3.023749
-6.785140,7.919533,1.919289,6.310182
1.635630,5.770383,0.429641,4.644373
-4.451901,9.460413,-12.360287,-6.821575
1.898040,6.740347,-6.242350,9.126597
-0.797938,7.677045,4.321455,3.499886
11.949158,-0.939551,7.687483,8.067150
-0.919935,11.917401,-6.681236,-6.295824
-5.591596,11.676597,4.852492,6.333139
-2.082052,8.940874,-10.524096,-8.235737
-9.958908,2.465921,-2.691388,7.131377
0.178223,6.594073,-9.591198,-7.915328
-10.242122,6.740367,5.296176,7.773424
0.048927,3.603387,7.253431,2.951167
-1.490614,10.804302,-4.620810,-8.618388
0.125462,4.704152,0.086305,7.824172
-1.654710,4.082749,2.099674,5.073846
0.455878,2.773699,6.232823,4.010421
3.044410,2.746039,-5.593656,3.117071
-4.633721,3.342884,-1.281663,11.867683
9.654327,-8.478865,2.064460,3.396742
-9.766847,7.881805,7.731692,6.914418
-9.412336,6.121112,3.806839,6.084639
-10.795612,-1.322764,2.552848,11.568094
-3.482474,-2.406352,-2.668339,7.224748
3.699533,7.931316,-6.936573,-7.426978
-5.288865,5.011937,5.937427,5.515417
0.459112,1.895259,-5.808179,7.185861
1.835301,6.130319,-1.080493,4.531100
-4.808589,3.535273,-5.167820,4.915332
2.906213,-0.408083,1.434556,3.538200
-1.882664,4.382994,1.649553,12.103274
3.641317,0.933836,5.589855,-1.081287
-6.200900,1.396778,1.286731,5.808679
2.681647,3.305352,3.496541,-2.006895
-0.431662,6.930874,-2.040221,6.738960
-7.150245,3.338965,5.485602,5.346159
17.275221,-2.331375,-0.889846,-0.502191
-0.131275,3.585650,5.354246,2.863455
6.691461,4.259456,1.153831,-0.167423
-2.391298,5.053238,-4.062099,8.656648
-8.417415,5.509168,0.443989,6.919477
2.780103,13.798962,-5.881942,-8.312711
2.126201,3.286446,-11.125807,-6.008165
