-5.795824,5.087676,0.292878
0.590586,4.237149,-1.006339
1.417285,2.243917,1.355381
-3.275634,5.280283,9.380120
-1.127683,-3.581498,3.564595
-3.440635,5.587299,0.305703
-3.380450,3.072307,2.468851
-4.213208,7.915841,12.012060
0.281369,3.141250,-1.210002
0.495261,8.584461,11.583308
2.521660,0.980591,2.951658
0.079674,9.479613,8.846825
1.472178,-1.532656,2.844688
4.454015,6.292576,4.693541
-1.636784,7.620049,1.818939
1.605904,5.946959,2.065853
0.055660,6.889278,2.591306
-3.585768,8.902492,1.413349
-1.575054,7.522853,8.655649
-4.619712,8.070410,9.203351
-1.932825,7.026871,9.146995
2.283507,6.032660,0.570937
-0.728568,5.827838,0.384015
-3.163700,5.156305,3.409084
0.036740,0.771855,3.512911
-2.580038,7.940845,-0.576589
0.278827,5.617315,9.658487
-4.977987,4.957788,-0.908407
-1.456353,9.597910,9.096509
-0.972112,10.244661,15.036177
2.407763,-4.319974,1.398891
-1.178234,6.714502,1.528839
-2.533958,6.662766,8.379513
-3.654032,4.567868,11.065590
-1.547435,9.980732,6.996119
-1.030959,7.923718,9.949886
1.452476,1.491861,0.875152
2.034361,5.149045,-0.664294
1.518610,2.700794,0.760905
0.217975,0.819075,-0.551218
3.094827,-1.781038,4.544787
3.718248,3.284101,2.705007
-1.659165,5.385804,1.885036
-2.001824,6.017395,8.982915
3.255071,1.834136,2.859951
-1.004431,3.758738,1.271856
-3.931666,3.221544,10.736440
-2.759757,10.486876,8.589291
-2.489588,6.022437,1.376912
0.526615,7.846704,0.627484
-2.920467,8.497645,8.733493
-2.407657,9.846554,1.185992
-2.414678,9.123463,5.641478
-2.367917,5.426430,-1.317582
-2.159265,1.945471,4.658124
3.365952,1.372791,1.154988
2.186568,-5.354389,4.245005
2.727936,4.073572,2.970099
-4.539443,8.321240,8.471586
-2.146330,8.817402,11.004306
-0.062820,-2.573406,4.960332
-3.458260,7.999446,-3.325923
-5.634804,6.807657,3.972442
1.787226,0.517881,1.921459
0.070056,-3.720754,1.063156
-1.899313,7.032851,0.676369
-1.985128,8.813032,9.857498
1.818107,4.796992,0.804153
2.569614,2.987935,3.993033
-2.383790,6.653141,11.438438
-1.524055,4.834753,7.161336
-5.022716,5.749505,2.218903
-0.480433,-2.623078,6.224182
-2.821193,5.482514,6.711642
-5.030262,4.087868,3.299982
-3.141417,-3.495322,2.542292
-2.885264,9.473139,9.554247
-0.494007,-1.033372,5.969797
0.684356,8.255923,7.903061
-3.629657,-0.776864,2.753195
-0.499963,4.256780,-1.988196
1.427487,5.203212,1.920716
-0.712914,12.082513,12.066953
-2.020262,7.813631,7.811642
-5.575578,6.954736,10.633547
-2.276972,11.794453,-4.159709
-1.413704,3.302968,2.560875
1.374064,-1.316440,2.734563
-4.676369,8.153928,6.745800
-3.146242,4.131608,-0.098468
-5.633231,5.417249,-0.843996
2.680392,-2.637157,2.572918
-4.896415,6.678043,7.423469
-1.869593,3.214952,2.464684
3.058752,-4.742257,3.830209
1.153114,3.682015,2.250068
-0.968603,11.313174,9.182488
1.613725,6.017449,0.753216
4.449820,1.410632,-1.110104
5.478598,1.673632,2.540213
1.308803,9.713123,3.840695
-5.011223,8.232114,11.653211
-1.933240,5.836600,10.861016
1.403230,1.886640,1.571228
1.593773,1.562267,3.786573
-1.613886,0.918851,-1.255138
-2.162494,5.239154,-0.100167
1.533571,6.799345,-2.053668
-2.233090,4.505213,5.118016
-2.432072,12.198657,10.152356
-4.288205,7.402394,7.704812
3.352330,4.937673,3.896985
-1.525548,9.683501,6.726789
2.670647,-2.071168,3.487463
1.567875,-6.402033,5.147731
2.168513,-0.441682,4.349760
-2.059201,8.703338,8.906074
-2.174727,7.797344,9.684569
1.980927,2.579253,2.376590
1.146960,8.447713,1.477132
1.271495,8.317453,7.328619
-3.577153,5.278432,7.183623
1.997377,-1.525104,-0.166694
-2.642185,5.927224,-2.277452
-1.299875,4.710643,8.038571
-2.364646,5.995391,1.126897
4.845864,-0.571287,2.797606
1.100478,2.815426,4.242031
-0.770750,7.005885,12.786212
-1.058636,4.299202,1.814857
-2.301345,2.837162,6.354417
-0.344502,1.942240,0.721303
-2.045136,5.829387,1.633259
1.961613,0.994234,2.717095
-1.277469,6.651991,3.800895
3.727412,-1.213951,2.485194
0.191492,-1.788499,3.141891
-1.057996,5.701375,0.642558
-3.155697,6.191741,2.141261
0.167489,7.791638,8.098818
1.066538,8.983037,1.502402
-5.562969,9.135629,12.915134
0.606163,2.688490,-0.837802
-0.595839,1.322001,-0.309307
0.650364,-0.516964,6.365275
-1.954943,5.329745,-2.149190
-3.291375,6.895411,10.730818
2.374756,6.097305,8.356797
1.243637,4.962179,10.270565
-3.254787,8.184719,11.237909
1.318382,-1.538759,5.650002
-2.795400,-0.318631,-0.341285
-1.564364,2.900506,0.048335
-1.315910,8.089508,5.174791
-0.255897,8.989372,7.057961
-1.788988,8.107396,-2.898765
2.510791,-3.197289,1.024401
-1.018651,7.018964,1.174569
-1.430321,4.177507,10.065208
0.612288,-3.982177,2.994137
-4.011079,6.610183,8.510675
1.053531,0.990357,0.084246
-2.890786,6.008149,12.908908
0.362739,3.491181,0.327178
-0.225045,7.408274,2.629076
-1.814402,3.533644,1.236127
-4.037615,8.581809,11.438600
-5.967991,9.377814,2.729105
0.105963,8.002315,3.399857
-1.120071,2.583262,2.711870
-1.350663,7.475134,-0.137033
2.315383,-0.681267,-3.315831
-3.344689,-5.204597,6.851410
-1.914546,-4.736381,5.835312
3.020864,-3.896679,-0.692621
0.775396,6.049083,3.648585
4.062299,1.718074,2.589369
-1.850810,6.035130,-1.299685
-4.368737,7.157733,-1.206179
-0.407973,8.950434,10.746078
-2.341953,2.410331,3.989071
-2.279769,10.363320,9.574651
1.466672,2.644375,0.067974
-1.480574,5.658421,-1.919049
-1.096182,7.758946,1.518996
-0.720041,8.602583,-0.293431
3.891486,0.839335,4.355677
-0.287537,4.631644,2.247910
-3.671216,6.138829,-3.303168
-2.643330,5.792094,-3.626803
-0.512688,5.058993,4.122850
-2.808816,10.743532,8.759516
1.750831,-0.207341,0.010254
-6.258400,6.900637,0.359252
-0.299115,5.220755,1.713314
-5.238429,6.384944,0.857473
3.728976,-2.132396,4.897241
-0.700797,5.045780,10.864354
-0.461522,-2.655540,3.372574
-2.848980,9.257479,-3.063734
-6.207884,6.216819,-0.209307
5.274901,-1.966450,4.719330
-1.746604,8.700711,-0.189524
-3.739572,5.493079,10.456709
2.829536,1.318305,6.840336
-2.873690,4.467366,-2.496977
1.871538,-1.740209,1.931453
-2.379184,-5.079681,3.348988
0.407500,-3.084255,-0.452882
-5.040339,4.564812,0.306154
-0.793234,7.047496,0.552672
2.329137,5.456969,1.638670
-2.950331,4.795292,-2.035845
-1.625302,5.246184,-1.334726
1.190273,-0.529450,1.442019
0.954905,1.158340,1.438011
1.093165,1.276143,3.234750
-1.338440,3.679203,1.739933
-2.230146,-1.489649,5.026532
-2.015089,9.356524,5.595110
-2.738302,9.859981,6.217991
-3.434708,13.434875,8.621703
-1.632016,5.368468,1.166276
0.848565,-3.198616,1.033695
-4.952941,6.408806,5.748797
0.220299,2.542621,5.026238
-1.147465,-3.237385,5.432322
-0.176540,7.456680,-3.885177
-3.733470,7.780063,9.623390
-3.375025,2.650111,-2.274003
1.772794,6.692503,10.604434
2.118660,7.883889,8.403674
-3.943641,5.200677,-2.595832
-2.025813,-4.624496,3.171020
-3.553087,9.611924,8.549910
5.294256,-3.508246,0.912545
-0.821903,5.428973,11.629318
0.073120,-2.333822,-0.742175
-4.271328,8.325254,1.971641
0.234846,7.940018,8.553766
0.897704,1.967600,3.101821
-4.502577,4.580725,3.375812
-2.443307,10.180493,0.440437
1.390812,4.919252,2.373768
-2.226365,0.485310,2.829792
0.753186,-0.904655,0.761160
2.358031,-5.241871,3.683079
-2.761716,7.640678,-5.436976
-0.923530,7.814877,9.277405
5.515779,1.395056,2.146785
0.687136,3.580589,4.184438
-4.234537,4.731347,-0.500340
-1.295540,-1.493921,0.474330
-1.336235,-1.597497,3.400290
-1.809151,5.474889,11.297592
1.098826,-0.448581,3.090236
0.063087,2.559088,5.847104
2.558436,-2.570297,4.473097
-3.314274,7.093724,1.861471
-2.604915,7.668883,12.478982
-0.481819,4.696902,2.764783
-0.622988,7.448532,11.755854
-1.703030,-3.134605,1.369292
-0.368651,3.584681,0.428975
2.193958,2.213281,4.477558
-1.303335,5.873702,0.946648
0.398260,0.306508,-0.236733
2.069365,0.745872,4.261115
-2.601111,8.823666,12.990368
0.636753,4.035522,4.498037
-0.283851,0.417037,0.531367
3.074456,10.645737,2.434267
2.498346,4.547137,2.942994
2.275457,-0.977610,1.710641
-2.136662,9.329088,7.998377
1.079911,2.545466,1.593064
-4.211988,5.201975,0.515451
1.079316,-2.489689,5.712013
-1.665454,8.430271,9.999425
1.679830,5.062258,1.115202
0.904830,-0.874154,5.884140
1.938500,9.822498,1.905932
-0.618102,9.087942,-1.271041
-1.302546,8.513168,10.829262
-0.986147,6.077268,6.606571
0.633177,5.847368,3.702276
-2.772334,6.473846,11.442750
-1.522524,7.051145,0.871021
2.879482,-1.900322,-0.451152
4.012792,3.534496,1.167595
1.988978,-1.225268,2.406941
0.470386,4.282974,-1.677265
-2.189607,5.524546,-0.322451
-2.028697,7.923480,3.844597
0.873174,6.115202,5.294716
1.260176,3.665130,3.438345
0.689111,3.539736,2.774276
-2.793808,4.889808,-0.219477
4.368633,4.274072,3.698079
0.164687,8.244097,5.431844
3.094271,-1.802582,2.968653
0.230082,-1.567162,4.467929
-0.608192,11.993813,7.458323
-1.313924,9.019352,0.495013
0.101367,-1.849651,6.506780
0.967327,7.964766,3.795988
1.277069,1.878236,3.053151
0.216715,11.649572,6.627632
1.223714,4.043573,2.243174
-0.952954,2.738529,1.834489
-5.846273,4.268242,2.525150
0.975481,-0.273776,-0.198115
1.205072,9.168169,10.925507
-5.344310,4.681681,-1.636678
-0.593009,8.393853,8.519153
-4.298324,4.710513,-2.704108
-1.686314,9.049517,-3.026922
-1.277382,2.842432,1.285508
-2.004181,4.208267,-0.632811
1.285327,0.737106,1.795920
-2.701072,5.480935,-3.820610
1.286006,8.202967,7.740636
-5.075857,3.264461,6.069573
0.063593,7.322160,9.196302
-6.208088,7.638295,3.848861
3.845193,-0.748716,5.259964
-2.541840,7.477295,6.170373
0.088422,5.929101,8.314660
0.034835,-2.084867,3.977550
-2.621473,6.838486,1.962556
0.409631,1.989729,-1.999823
0.049078,5.266750,-1.026327
-3.717787,5.313475,4.819823
1.942553,10.250565,10.348016
1.779268,6.753528,2.184980
-0.680541,-1.524407,2.598003
-2.802778,7.192079,2.885134
2.073739,1.587116,4.685937
-5.637531,4.272861,2.027188
-1.967400,7.600057,2.383723
4.324241,4.626906,5.182077
-2.699314,5.470379,-0.129692
2.766791,7.053715,-0.609156
-0.419029,5.810288,9.763226
0.875392,1.161245,3.917916
-0.400667,6.787859,-2.164535
-2.643158,6.684496,-0.981204
-0.223722,8.007146,8.285402
-0.524418,-0.087568,2.421044
-1.782162,6.207862,2.065424
-0.262959,5.249582,-1.090800
-0.929020,7.520832,0.932110
1.750075,3.282177,-0.305997
0.278908,-1.583962,2.268422
0.651833,5.842648,2.716333
-2.227885,8.325972,11.028265
-0.055481,8.385599,1.167097
-0.761102,6.288506,0.676957
0.826634,8.153844,7.297062
-2.824392,4.954195,9.572199
1.637424,6.202280,-0.949526
-0.306620,5.750147,1.821919
1.889137,7.352160,-0.841962
-1.203830,8.922367,9.553232
-3.795699,5.829663,0.317558
-2.665955,10.738516,10.344276
-0.785322,9.828476,8.176980
-1.328671,10.058540,1.583492
-2.665675,4.626435,3.080483
2.372707,-0.660667,2.497505
1.194911,9.888455,5.728793
0.352357,5.624122,3.291473
-0.419642,8.083379,9.821170
-2.330349,7.652585,6.176313
0.454515,-0.678399,1.219737
-1.985783,6.575009,6.586870
4.820920,0.073675,4.865998
-1.132987,5.944283,2.981528
-4.454918,5.857570,2.154083
-2.226476,7.765220,-0.822519
-0.701909,-2.090055,1.739109
-2.245487,4.232251,6.816758
-4.432677,7.903840,7.710286
-6.671118,3.601383,-0.560838
-3.085294,11.487232,9.672824
0.877622,4.781855,0.054607
0.942229,5.062091,6.573885
-1.888988,4.180874,1.470762
-0.612508,6.401795,-1.360326
-0.407859,-4.444785,3.257638
-1.947195,2.936908,2.790357
-1.089059,2.557240,2.994118
2.295936,-2.124423,0.713422
2.056459,5.768635,1.304823
0.530152,0.122332,0.292183
4.702900,-3.078232,2.541703
-0.417553,6.393879,1.141291
0.035471,-0.381401,4.272996
-4.772787,8.564379,-1.163979
1.873941,5.572382,8.680792
-0.682899,5.650378,9.521492
0.708028,6.260224,3.710894
-1.652438,5.210402,-1.373944
-6.010303,5.411644,0.118572
1.322838,1.567159,2.797307
0.411004,8.662230,8.105498
-0.222178,4.369967,0.346945
-0.989147,5.023526,11.632095
-1.049088,-1.048730,1.702107
3.632494,-4.837592,3.225171
-0.102639,3.752446,0.635812
1.163993,10.741216,9.215889
0.510140,6.695249,-1.326085
0.326400,2.881175,1.278959
-1.148046,-3.828288,4.119093
-2.375071,9.864935,12.153862
-0.833588,9.353773,9.474384
1.534462,4.981596,6.097355
-0.414148,6.619724,11.369228
0.579639,-1.046790,3.118201
-1.257101,5.260830,3.846710
-1.115454,-5.813520,6.511719
2.741533,-3.718246,0.732089
-6.212934,6.034311,3.141571
0.639357,-0.997426,-0.405814
-4.403103,4.646189,-1.786653
-2.435296,9.159471,8.591506
1.147381,7.096988,-0.302671
-3.052400,8.477459,6.489223
-1.109989,2.589631,3.410192
-2.460274,3.718820,-0.360546
-6.992104,4.698894,5.912543
0.253943,8.436029,13.494472
-0.780111,5.702548,-0.067177
-2.058468,11.326029,8.121384
1.361998,1.989753,3.596614
1.128994,-2.621615,1.816283
3.761307,6.378959,2.092851
0.542807,2.443474,1.698089
-0.780585,-3.550452,3.087819
1.323698,-0.328165,2.405248
0.330868,0.106166,2.922653
-0.094270,4.354598,4.363636
-0.218362,3.827944,-0.792854
-2.068103,-4.145728,4.553606
-0.307459,5.272025,0.611311
2.323696,-0.875305,3.167421
-0.850910,7.486876,6.961670
-3.901013,10.113408,11.238938
1.487815,-3.724441,0.117370
1.598195,-4.119625,2.731834
1.293370,-0.322577,4.664428
-0.748574,8.731790,-0.535411
1.810390,-2.584245,2.701875
4.134582,-0.384684,1.830494
-2.240126,7.098666,-0.443796
-2.331306,1.351603,-0.142161
1.649519,-3.354093,4.537364
-1.594956,10.297967,6.101550
0.770341,-4.686765,-2.746141
1.854356,3.864705,-0.112806
-2.188719,8.790991,-0.790322
-0.294423,5.933871,-2.625799
-2.145270,7.982218,5.455266
2.681374,3.106479,-0.176526
-2.815254,8.050498,9.301224
0.698898,10.185771,7.023850
3.993797,-1.650391,2.024210
3.297136,-0.614598,2.202724
1.696859,3.089241,-1.136958
3.870462,-2.347341,5.682246
0.380688,3.685761,-1.296740
0.396150,-1.715029,3.713013
-2.452383,5.822942,0.437894
0.893468,2.788046,1.955099
1.421196,4.127036,2.252023
-2.896290,4.681345,3.103050
1.768284,2.117664,-0.927248
-1.284999,9.308035,1.595205
3.528421,6.953815,2.465933
-1.047142,1.165538,1.982896
1.102794,4.616800,2.519630
2.925165,-0.513566,1.673431
-2.498748,6.362478,10.383351
2.075048,7.699570,13.993712
0.135313,8.964236,7.330571
-0.524334,7.250036,10.516898
0.807437,-1.368661,4.618944
0.657123,4.036384,4.210755
-0.392200,8.949397,5.800772
0.228420,-3.286018,2.317869
-3.761616,9.714689,7.805622
-0.372395,4.367448,0.783575
-2.897536,8.701988,-0.559336
-0.950160,1.297399,0.157021
-2.487865,7.694781,10.868845
-1.188716,4.254593,-2.507617
1.264564,-2.468389,3.463475
-0.634983,2.067163,1.793159
2.547878,4.188848,1.272833
-0.116406,0.163087,1.566695
-1.549563,6.873372,8.803867
3.457288,-3.298837,3.719654
1.018973,2.465560,2.440775
0.014216,8.911621,-0.064764
0.602521,4.726243,2.511249
-0.439627,8.844147,6.985294
-3.128569,7.042413,7.560650
4.675453,3.875454,1.057234
-1.412938,5.009810,-2.001564
2.422471,4.353012,3.495235
0.358884,0.123840,2.321236
1.762878,9.358868,10.137026
0.929424,6.462177,-1.953164
0.548225,7.439885,7.597703
-0.499792,4.863637,1.858967
1.765346,7.049307,9.860804
1.148174,5.807681,3.181247
1.384000,-0.746174,6.094944
-3.854696,8.768961,9.595468
-0.778301,9.093459,9.901323
0.936422,5.820350,10.406994
0.634440,10.538307,7.796940
0.161906,8.938407,7.648223
-2.734711,7.045016,7.621696
-4.723833,8.832703,-2.043962
3.576440,6.921027,9.908055
0.718123,6.612890,-1.907990
1.705456,2.346521,0.014071
0.979828,-0.339972,2.938253
1.356893,2.600329,5.700715
3.951479,11.166359,9.129109
2.373184,4.311329,3.918964
-0.189958,6.280322,-5.207141
4.225410,0.274742,-0.093940
-2.526277,-1.434634,1.001133
-0.274976,-2.442185,3.661504
-4.285993,8.470118,10.498617
1.902358,9.533690,6.815465
4.749275,2.376618,5.397763
-2.060605,3.728946,4.682485
-2.363631,7.128726,10.759157
-1.827108,9.336338,-0.258904
-1.255781,4.223587,9.234610
-1.883712,4.180511,-0.810203
-0.482948,7.701822,-3.047506
1.192532,-3.481834,4.676662
-0.870333,6.824286,0.571481
-3.519834,5.723623,2.171020
-0.066889,1.934414,3.976654
0.594963,3.514088,1.519800
-2.341219,7.777676,1.182581
-1.739695,8.095535,-0.760753
1.544899,5.134589,-0.007697
0.531316,2.585948,2.157176
-2.535511,5.205656,0.687246
-0.612185,4.351389,2.495674
-3.995751,8.710383,2.899135
0.203255,13.160913,9.089633
1.666310,0.492520,0.907259
0.179430,-3.644048,1.899871
-1.426371,9.064094,-1.675783
0.509288,4.425004,2.048628
-6.052812,7.035048,-0.066614
2.512075,5.483547,1.327550
-4.633067,5.943019,7.486164
2.150789,3.293071,0.423684
-2.915136,2.478220,2.494287
-1.957211,6.842060,4.398583
-2.221096,7.382709,2.501236
-2.430682,-1.780043,2.191007
2.431645,-3.578919,1.998629
1.893674,10.455853,9.456129
0.020322,3.344476,3.295984
0.997378,1.169168,4.733280
0.032800,0.627171,2.468229
-0.858839,3.852090,0.828248
-0.061530,2.796378,2.330647
-1.114410,-3.170004,-0.178626
2.551263,5.799931,2.402462
0.858144,8.498841,8.941998
2.405201,4.923131,8.372692
-0.407830,7.376541,2.627955
-1.239906,4.868477,6.313664
3.279738,3.125329,1.158338
3.822092,-2.384308,1.642201
1.974323,-1.811795,2.517175
1.106208,9.915444,6.046409
-3.286027,9.230279,7.866225
-2.517645,5.555425,0.096025
-2.951301,8.679829,13.291692
-3.447319,8.009463,9.367864
-2.889647,5.459236,-0.487183
-2.678275,5.293773,0.156902
-0.086942,5.035485,4.650918
3.696167,4.123023,4.790462
-2.256678,3.720113,0.532283
0.371665,2.206681,-0.784768
-0.900753,4.910346,2.404312
-0.584070,-2.743486,1.636431
2.692118,6.585991,4.988425
-0.766251,-2.723205,-0.122196
1.299833,6.240054,10.212000
-3.758789,8.501605,-0.949915
1.520118,10.339464,6.983870
-0.101170,-4.380779,1.052742
1.791194,2.763955,3.133766
-1.183535,-2.158110,4.164789
0.096966,-4.471550,4.744286
2.483678,-0.250856,3.597931
2.576866,3.685558,1.588334
-1.605169,8.613464,8.594347
2.641572,4.957920,5.318462
-2.527861,7.534255,-0.412073
-2.399977,6.873039,-0.767268
-2.106704,3.310973,6.627789
1.543869,10.187165,7.000926
2.874145,-2.554710,1.380184
-3.011339,2.908089,2.855095
0.329003,10.223081,8.237810
-2.106905,9.492637,1.247203
0.255146,-2.504036,3.583479
-3.781547,3.715450,-0.066027
-2.854735,5.991525,12.821368
-3.895818,6.468697,-0.634604
2.376273,-0.288594,-0.830745
-0.803305,8.924170,10.571676
2.528608,-0.705700,3.879822
-1.644793,3.546255,0.486123
-0.550194,-3.766160,1.324332
-0.825610,7.430671,8.029399
1.516079,3.370096,-0.778545
-0.048282,6.298693,7.600995
-0.193708,5.366768,0.374288
2.897385,4.755468,0.956270
0.631868,5.764491,4.264424
-1.479185,-2.734583,0.618774
-0.772697,9.785737,6.614582
-0.444622,6.435458,2.591766
1.973651,6.399732,2.623827
-3.876367,5.267250,-4.077310
-1.183657,3.880751,-0.804161
-2.580406,5.495210,-0.342041
-2.976352,3.668275,6.970955
1.482028,3.770151,0.223175
-3.231009,4.741582,-0.917825
-3.939271,1.050860,9.584843
-1.273317,6.666429,1.446064
-1.311717,-0.712643,1.660767
0.562463,6.064145,-1.340944
0.043432,2.414895,1.235168
2.301230,-1.380333,1.994095
-4.214801,4.428832,-2.179776
-4.377516,6.047942,-1.245864
-1.279753,4.864671,0.069020
3.871229,-1.441345,3.921482
-3.266504,5.104355,8.868493
1.815281,7.763916,10.854978
3.225108,5.814579,3.790082
-4.227261,8.704753,1.360316
0.097018,8.355125,7.798885
-2.330488,5.710091,-0.056799
-0.111034,9.577989,10.594397
-1.867570,8.299699,0.342169
3.059183,9.530277,8.875816
1.121408,-2.878310,0.176738
-0.684085,7.159219,9.068196
2.470647,1.925897,3.601773
-4.265424,3.813408,1.391213
1.920764,6.164604,1.704635
1.645328,7.406470,12.599333
-6.543564,2.448678,0.662621
2.412600,-1.547017,5.393896
0.202528,3.283202,2.423119
-2.355541,8.507968,11.412840
-1.000202,-1.263081,-1.043249
3.842975,5.140583,2.926360
-2.533918,7.327832,2.436262
-3.345753,6.492007,2.459073
0.767453,6.420215,0.364469
4.816788,0.357725,-1.092369
-1.910622,6.692022,11.332073
0.142781,7.847338,7.175454
-0.463611,2.516639,1.743220
-1.316309,1.507170,1.194944
-5.631926,0.757479,2.598080
0.228958,10.443888,9.482878
1.465203,-2.091296,0.601476
-2.814421,6.974992,1.658969
-1.413809,8.220118,3.593129
-2.646686,7.923451,8.638331
-3.172382,9.389208,0.793992
3.954982,5.346395,3.279122
1.227949,5.773356,3.732075
-1.109054,3.993882,3.596916
-7.221625,4.402771,2.344692
2.799331,-0.408306,0.790491
-3.028307,9.223813,8.844841
6.258805,-1.928521,0.920185
-1.579174,10.221942,11.371016
-1.114779,2.134075,4.289878
-0.769008,5.879019,6.227255
-0.992077,-0.385327,6.003475
-5.002881,10.012130,9.110158
2.272206,2.025771,-0.373535
4.126163,0.490291,3.973077
-2.687024,5.411260,1.112866
1.029784,-2.518495,5.351038
1.233197,7.428230,10.129840
1.386884,-3.086751,3.096035
0.465557,10.013722,3.007114
-1.501968,15.438780,13.903596
-4.488804,10.047843,7.276286
3.140141,1.413907,-0.365818
1.359172,6.064810,1.147107
-1.696441,11.770919,10.168622
-0.009011,0.258512,1.970674
0.715391,7.947618,1.903967
3.280933,6.463025,0.428539
-2.134845,3.485656,-0.524964
1.164973,4.219444,1.481493
1.504977,0.541010,6.736568
3.153231,0.235358,4.983861
-1.448859,6.428660,9.878377
0.982742,1.534961,3.102778
-5.277637,4.304306,-3.395422
-2.861369,6.753426,0.631656
0.457116,5.032750,4.997911
2.983376,4.197286,-2.312404
-2.516233,7.048562,9.278690
0.080467,6.672445,0.397398
-4.800666,4.570070,10.740702
-0.137165,8.714505,9.885800
-3.933183,3.353114,0.800376
-0.398328,4.068838,2.987600
-0.987156,4.593950,0.803598
0.505196,-1.353738,5.756392
1.132692,7.112878,2.348149
-0.777327,8.060075,10.058004
4.318156,4.191521,2.052497
2.929548,5.016520,3.468414
-4.445298,2.185115,1.061375
0.245168,6.179972,2.648734
-1.601013,-2.946474,4.327168
2.005919,-2.867156,2.797157
-3.001319,10.069441,8.726144
0.169916,6.748677,2.471817
-1.612884,3.836925,8.916513
-0.254820,-0.377686,1.938226
-1.824519,9.259031,7.397360
1.171419,5.582281,7.365646
-0.281600,-3.318536,4.014539
-2.342661,11.260910,7.898661
-3.524711,8.428664,-1.070396
2.891183,-1.824436,3.109891
1.070402,5.952902,3.117624
-3.306482,9.781620,13.266787
-0.550959,-3.073289,-0.061984
-4.086724,10.737364,8.141693
4.002926,5.410051,1.963860
-2.436270,8.205338,1.035963
1.435159,5.564809,0.714187
1.892352,6.583574,10.217911
-1.077751,8.034304,6.212023
-0.661313,9.976180,7.833252
-2.258937,3.798896,7.447012
1.640009,-3.506549,4.205145
-3.868650,9.993721,9.067730
-0.489905,6.196026,-2.048038
-0.920715,9.440338,9.851267
-2.341056,-2.548985,6.399141
-0.978881,6.500014,9.250144
0.160241,7.853104,1.268961
0.235785,3.396179,2.861797
-7.094670,6.784555,1.389723
1.995200,6.109044,6.708248
2.861206,3.768598,0.699216
1.168573,-1.436572,6.636575
0.485996,-2.281998,4.627168
-0.494023,8.135553,6.338757
-0.384086,5.636553,1.133828
-0.213029,3.791872,1.359175
-0.801170,6.177272,4.879923
-3.612463,6.403104,5.990147
-1.328817,7.022182,9.114740
-2.107867,7.961379,7.529965
-4.297046,7.775193,9.143798
-2.184864,6.122375,-1.317550
-0.821614,4.452960,-0.098931
-3.346556,5.553534,1.846579
-0.889308,6.790426,3.680616
-1.935092,6.141040,6.846208
2.481747,-1.238691,3.384798
4.441712,5.672790,2.796918
-2.406140,6.657834,8.940949
2.248086,5.349388,2.019962
-1.881898,-5.434261,3.509440
-0.889212,1.777651,2.960246
0.050087,-2.720246,4.051999
-2.251526,3.878307,0.264334
2.806043,-0.438615,3.812306
-0.635746,-3.535549,0.921499
-0.941679,9.223717,8.615800
0.310694,0.307539,2.803797
1.560929,7.787264,0.932215
1.840813,7.007935,8.264991
2.718955,-1.586616,2.681541
-0.582610,-2.657900,3.869945
0.871163,-1.178158,-1.469484
-0.106356,9.980061,8.265836
0.954449,4.951049,0.946528
1.574115,-0.223341,2.920824
-3.833040,8.389804,2.075421
2.164731,-2.744534,2.465637
-1.583108,3.132925,1.531977
-0.604776,2.489187,2.503772
-7.561911,4.378239,2.062895
-3.964892,7.325510,1.485957
4.273278,1.203759,1.143617
-1.965932,-2.784865,5.058027
-0.345974,9.035794,9.692869
-1.498522,-0.713590,5.321278
0.579514,7.319670,9.490886
-3.878195,6.624397,-0.429881
-0.010370,3.218064,2.887368
1.312098,-0.359764,8.776075
1.990748,4.071328,0.160290
0.875063,3.268749,0.097608
-4.052917,7.221323,5.845424
-1.018242,5.966203,-1.169363
-0.020293,6.682551,9.182027
-1.478179,8.827161,6.632205
-1.304123,7.813760,1.789291
2.615872,-3.146157,4.664506
-6.564242,5.404375,-1.630283
-0.125275,9.160961,2.429631
-2.422061,6.583343,6.612866
2.718194,2.547846,4.647567
-0.088710,5.593898,4.078952
-1.243549,4.830159,7.462184
-4.664897,11.095425,10.069252
1.923099,-1.389706,2.373330
1.390109,-3.362873,1.614169
-0.205267,9.997353,11.052007
-5.598039,6.145200,1.672750
-3.410040,3.321926,-3.565149
-0.420428,7.436900,10.612040
0.276406,6.348971,2.616869
-0.056909,-0.594145,2.729097
0.064925,9.431325,1.027256
1.179285,-0.579927,6.628375
1.925621,5.056019,1.717124
-3.600970,4.806756,-1.977546
-0.780595,0.453339,0.188366
-1.564700,6.242581,-0.290979
1.321279,4.345911,2.254176
-0.876145,0.229704,3.090787
-1.933464,6.114426,3.875245
1.518496,6.393834,3.253347
-2.652123,2.022351,-1.835345
5.978127,0.326213,4.034046
-3.002249,4.619276,-0.876585
-2.735154,2.936849,-2.850431
-2.422288,7.079104,10.979033
0.736040,-2.934622,1.376314
0.755291,0.982388,2.285563
-3.183610,5.164397,0.281313
-1.559264,9.138064,9.429738
-0.671711,-2.198065,6.710247
4.295372,6.440806,1.148496
-0.361637,-2.833473,3.074910
2.425007,7.074310,1.449071
2.315054,3.375555,2.495470
-4.048232,4.221379,-1.770349
-2.936036,4.355699,-0.447726
1.142726,-1.621459,4.246170
0.952683,2.937129,2.707923
-1.290126,-1.115310,0.304839
0.201243,10.664680,10.412944
2.835280,5.468237,-2.133939
5.302742,6.976843,1.316904
-0.174165,-0.665362,2.618099
-3.767448,7.169942,8.865239
1.756457,2.998970,1.273361
-0.680736,3.137638,-2.538350
-0.818532,6.928728,0.337323
2.519082,6.362665,0.237741
-3.063464,7.294688,0.319217
-2.782182,10.187581,8.771410
-0.060858,7.099863,1.885625
-3.044788,1.330007,-0.942653
0.609228,9.997572,12.417916
1.774363,-1.241398,5.967092
-0.545199,-2.424438,-0.570493
-5.697583,6.522593,1.992214
-1.996217,3.714244,1.422936
0.088374,3.304901,4.254261
-0.124189,0.022553,-0.698406
0.205291,1.100115,0.280906
-0.038765,2.200027,7.049668
-1.848421,-3.662388,6.440415
1.151333,6.181281,3.269491
-2.430453,3.235710,1.828609
-0.061582,-2.129094,3.991858
0.439722,8.521413,5.527016
2.766023,-4.309915,4.655895
1.202018,-2.275157,2.890979
2.659533,3.804870,2.154257
2.925608,-4.987456,4.095367
0.950157,-1.755574,4.404989
-3.998860,9.081480,8.944066
-0.964174,5.840722,1.886685
2.355523,-6.685006,1.042863
-0.947983,-4.429581,2.961597
0.044180,7.572318,8.922522
-3.914608,4.668614,-2.527463
3.106901,6.274422,3.589107
3.519330,6.978005,0.486147
0.246160,0.721132,1.938094
2.186510,6.094899,1.791450
0.484238,6.188275,4.034562
-4.685556,5.721546,9.560183
0.353165,4.416118,-0.275032
-3.285282,6.175697,-1.517663
0.392986,0.821742,0.494659
-0.897155,1.145566,5.602590
-0.798360,7.178858,7.091189
1.032664,5.462696,7.142959
0.601902,7.369346,4.993985
2.674341,-2.576388,0.147327
-4.244330,7.030379,-0.335650
3.952774,8.095566,4.412827
0.283771,2.714515,2.451202
-5.414725,6.471969,8.051123
-5.504017,6.230675,0.142738
0.919906,5.160451,2.188302
-3.474068,8.026284,13.948075
0.349691,6.518650,2.719155
1.942779,-4.059589,2.794893
-0.823356,-4.789343,2.314938
1.785794,4.751474,2.714513
-2.854150,7.543963,2.953686
-1.856184,4.768990,-0.364461
3.054463,5.261978,0.498900
-2.612188,6.956711,0.126055
-1.872334,6.663313,1.197346
0.034995,3.869888,2.946054
-2.530429,-0.539616,3.891913
0.488986,-2.422734,2.520452
0.404077,-3.685590,2.689431
1.102020,-0.516915,5.575804
3.539252,-4.110907,1.880525
-3.557577,8.999042,-0.190978
2.636242,3.311583,1.905658
2.577400,4.460308,1.264810
-0.086391,9.618491,10.842366
-5.485157,7.217123,8.536424
-3.418473,1.110198,2.439289
0.525669,8.096508,5.944109
5.801177,2.382779,0.469033
1.260394,7.343777,5.494446
-5.742254,3.320308,-4.059352
2.648682,-1.022362,7.489085
-1.828218,-3.110417,2.381863
-3.149292,6.907467,8.918762
2.209189,5.376980,2.864658
0.225976,1.851395,2.421946
0.656850,-4.485536,2.253678
-3.025546,7.563840,11.317676
-3.266938,6.896367,9.174034
-0.766708,-1.182226,-0.380552
0.611781,3.897994,1.835502
3.436851,6.708547,1.280614
-0.194692,8.037582,8.495969
-0.328317,3.261409,-1.630872
-0.167866,6.032637,0.793531
-0.504345,6.947540,10.109662
2.336220,2.911134,1.474473
-1.386139,-4.148845,-0.147960
-1.706723,5.257584,2.352167
-1.761801,9.851384,0.769460
0.111163,7.063797,6.346565
0.602389,0.736720,-0.451576
0.528532,6.802485,9.106603
-1.069016,4.023824,8.137084
-3.840475,4.764546,1.491183
4.156664,-3.081360,2.317875
2.405855,-2.776959,2.137097
-0.775805,6.330295,9.363481
0.522746,3.961417,8.974287
-0.601068,6.493064,2.524911
1.465157,7.106477,1.234504
-2.028876,8.480683,-1.277752
-2.879769,3.637667,1.957340
0.839787,7.730473,0.565758
-0.534655,1.901384,3.101791
1.977201,10.863824,9.735293
-0.799290,6.176584,1.003986
-1.053382,3.099124,3.898084
-2.354380,10.281390,8.610638
0.732390,11.088323,11.858547
-2.157719,3.401181,2.586643
-4.002293,11.857946,8.802249
1.000734,7.442307,3.436126
-0.438095,5.013813,9.603081
1.172062,3.407457,0.756592
0.074366,5.994353,-1.762624
-0.633237,8.997081,-0.503055
-0.841176,3.666596,9.259380
-2.572639,4.680246,8.592135
2.092089,-3.157455,6.520310
0.543389,-3.308362,1.076630
-1.366051,5.832782,1.518522
1.577915,10.849421,10.908049
2.493490,-3.300663,4.186656
3.153577,-1.317248,0.931368
0.102773,1.017857,1.243124
3.512031,-2.461786,1.197575
-1.223607,4.659538,3.093798
1.733265,-4.007337,4.717991
2.182086,-1.009309,4.998360
1.762396,2.425824,4.089310
-0.211285,0.280027,3.234675
2.142177,3.504889,2.795379
3.132665,-0.814582,4.418025
-5.574451,7.043214,13.781823
0.623756,5.284283,-0.296117
0.767583,2.327783,-0.299990
2.796475,-1.853414,2.744972
-0.522045,-1.491873,3.565134
1.582518,-1.973756,7.846526
3.045090,2.311362,-0.380610
-0.851508,7.863039,2.494315
-1.227740,11.438358,11.167704
1.328145,-3.539635,2.552072
-1.933418,6.714451,-1.980372
1.453826,-2.812809,3.218113
1.099868,8.897723,9.577056
1.812283,0.397779,4.459556
0.415559,3.574400,2.368675
0.750044,5.903334,13.593281
-0.405649,-0.517273,5.524244
-4.299335,7.116398,2.431281
-1.625320,-0.498896,5.092975
-4.239078,6.875393,12.930806
-0.902109,-0.562743,2.808106
-0.589211,6.983828,13.289554
1.431056,2.270310,1.825717
0.016053,2.650042,0.550600
0.260042,5.415713,3.840215
0.268282,1.553885,0.768031
-2.960979,2.983675,2.406905
-2.124589,5.138425,0.166531
-2.033897,7.162912,12.320798
-4.171445,-4.277273,3.919867
0.044975,5.472197,8.603073
2.034581,-2.192528,3.878731
-4.512187,7.838342,0.931683
-0.334579,-0.594324,6.347545
1.208845,0.346686,4.458544
0.499206,3.137785,10.072204
-0.318971,9.563703,6.260329
-3.960587,5.332016,-0.187771
3.007601,5.705870,1.220313
-2.007364,8.234254,13.164778
0.131383,5.258128,3.094292
0.112529,-3.711340,4.315183
-0.373197,0.178756,4.257007
-3.670312,5.925243,1.337441
-0.512248,8.573237,8.700619
0.687984,5.378158,-1.202785
-2.951778,7.460574,-0.894696
2.582841,-1.035671,2.851889
1.656200,4.272423,2.377124
-2.123307,4.936540,2.888431
-2.788009,7.150078,0.626643
-6.589661,6.224635,1.299903
2.365768,2.852593,-0.711460
-2.665666,4.337904,1.163640
-1.762120,-2.237894,0.523027
-3.674760,13.036804,8.916014
2.911162,4.193082,1.527393
0.856414,2.703960,1.615116
-1.986222,1.758671,5.092786
0.388452,3.128179,7.262966
3.224081,3.956860,1.035208
4.502148,-1.943474,6.066625
-0.393350,2.562193,0.897568
-1.351145,3.324423,0.662687
-0.052536,6.823307,7.896363
-2.225645,8.655425,10.074536
0.639842,5.059608,4.703985
-1.868877,8.044970,7.254454
3.194365,-3.348605,5.723572
-3.762904,6.031892,-2.423941
2.960544,8.113915,2.025713
-1.783366,5.414960,0.098728
-0.874315,5.724397,10.464479
-0.744995,5.413749,8.485788
-2.043649,6.094943,1.032242
3.822237,5.095960,0.872462
-0.355317,1.894769,5.746712
-3.071793,10.079275,12.058930
-2.895482,6.246048,10.051239
-2.629324,7.230693,2.284195
-1.127251,0.974236,2.448806
-0.894258,8.986887,1.461637
-0.656136,5.507664,2.225009
1.569353,-0.888667,3.532412
-0.160076,-1.179480,4.050973
-4.668830,3.950008,-0.351957
-1.254185,4.281373,9.532241
-3.704445,10.859191,9.917665
-4.470124,11.097449,-2.248050
-2.147873,-0.412976,-0.758471
-4.446677,4.040027,-2.286508
2.621960,-1.764077,3.894623
-2.047393,5.969304,8.795703
-1.218723,7.728398,0.471037
-0.747993,-4.507435,5.910162
-1.816627,1.606637,2.474964
0.896829,-0.778594,3.736986
0.795782,5.767105,1.924291
5.105256,4.082706,4.095613
-1.255501,6.874886,12.639990
2.455766,-4.546227,2.363099
-2.533175,4.659751,3.227635
4.007892,-0.300252,2.345964
0.774640,6.028078,7.326198
-1.472075,3.124778,-0.464301
1.044608,7.979430,9.689722
-3.153271,7.333100,1.000174
3.229542,2.143924,-0.239670
-1.668257,9.939767,11.089063
-0.699086,3.121421,0.719827
-2.812544,7.071344,0.730425
3.037147,0.209140,-0.397976
-1.190743,8.941388,7.076411
1.581214,3.035143,1.329785
1.783356,-1.090110,2.229489
2.034157,4.796083,3.782307
0.274527,7.977478,8.286192
0.882194,8.549767,8.071341
1.691876,-0.527610,0.480515
1.142690,4.998832,0.626925
0.853017,4.089177,0.616059
-0.210599,1.472079,3.129552
0.985708,-0.240795,4.094332
-2.776412,4.851531,-2.609781
1.630195,4.963858,6.507156
2.906502,-2.979636,2.572965
-0.842494,10.328850,10.674615
1.019834,5.254108,0.119908
-2.476295,4.658640,1.251706
0.935508,-1.690972,1.003566
2.908204,10.108646,10.690295
1.207001,0.556233,2.839346
1.713813,-4.786909,-2.521476
0.551206,4.678400,9.761168
-4.108526,10.501071,5.719873
1.858336,4.661373,0.456423
1.022190,4.281496,2.078265
-2.768124,6.890814,9.490549
-2.687403,5.374368,8.259442
0.054164,8.229000,11.212503
2.355906,6.907480,0.799092
1.402327,-2.308500,5.337583
-0.040447,5.533311,3.440785
1.003149,7.083395,0.687021
-1.038708,0.135798,3.893828
-1.050671,-4.766273,4.063136
0.666250,5.531946,3.899681
-1.068573,-3.323548,4.521986
1.781521,0.752011,5.393769
1.940914,-0.533118,1.587799
-3.051338,5.135119,-0.763619
-2.141185,9.713137,10.167364
-0.064027,-0.119733,4.776173
0.280197,5.583703,2.505005
4.269248,-4.822996,3.515310
1.681903,3.998238,-0.542106
-1.779897,3.679835,0.374687
1.417929,-1.666617,3.418110
-0.166324,-3.439421,3.249609
1.615134,4.028229,0.140973
1.763251,6.644392,9.511397
0.169324,-1.049541,2.685437
-5.805269,3.453589,-0.004328
-1.363769,6.382036,8.838929
-5.341042,4.216080,5.554208
-1.370960,0.027650,2.335799
-1.241023,10.928804,9.702067
-3.282298,5.335508,0.244979
-1.581273,4.425818,2.727306
2.554424,6.785581,9.822089
-2.320921,8.149599,7.312337
-0.095553,1.145868,2.677800
-1.364226,2.489612,1.822049
0.440263,5.908700,3.949771
-6.702529,7.419256,-2.672184
-4.438628,8.898007,-0.075089
1.855053,4.637134,3.325330
-0.260173,-4.911645,4.376575
2.571525,7.018549,11.482364
-3.470536,5.554250,-1.148848
0.562381,2.947596,3.563250
-0.816469,0.378323,5.224909
1.963944,5.590416,-1.085979
0.616420,2.162282,4.164171
-2.282909,8.075429,-1.681856
2.452872,-1.598389,3.589914
-3.956774,7.061199,4.265298
1.379230,5.385334,-1.580888
0.425016,8.112951,6.724616
0.627527,6.128983,8.498628
0.235642,-0.626326,1.149853
-3.264075,6.483677,8.446821
-5.530192,7.483281,5.560871
0.828421,2.986681,1.026800
-1.430790,7.032319,10.397281
-2.928655,8.045803,2.393504
-2.209457,9.846284,0.741215
-3.452852,3.401893,0.358335
0.923886,0.927327,1.830336
2.110851,3.858437,1.348404
-2.620695,8.244702,7.901052
2.416338,0.655274,2.662475
1.672609,5.630304,-0.153966
-0.609223,2.452505,-0.802964
-1.146163,-3.827780,1.245660
-0.063844,5.901598,5.809793
-0.271087,-0.795721,-0.417678
-0.121975,1.775729,2.573850
0.704371,6.577570,2.250717
-1.361809,5.395661,0.097330
2.456585,-1.160047,3.493713
1.763339,-3.144339,0.709634
-0.884056,9.726538,8.870486
-1.257939,11.330796,11.389170
5.320272,-5.121816,0.791016
-3.031316,7.266068,0.895233
0.848676,7.791961,2.446226
2.970506,4.364991,1.915984
-5.401086,8.148063,-0.446464
0.280346,1.597010,-0.010019
0.173674,3.670477,3.249080
-2.017691,8.957466,10.828123
0.853924,-2.069319,0.283533
0.914398,7.461518,0.464266
2.708490,7.660804,8.165326
-1.342571,4.131926,2.443853
1.938291,8.972905,9.044281
3.737392,-3.457117,4.277018
-2.800598,1.293000,0.178163
3.139022,3.041035,1.572592
1.590653,0.021417,1.368964
-1.964847,9.553203,-1.573131
-0.052687,1.019003,-0.474380
-1.720556,6.833754,1.453700
5.279460,0.440368,2.746652
2.042890,-3.249335,1.898692
5.489717,2.894387,3.941789
-4.501885,7.973214,-0.133358
-0.649873,6.356713,2.166782
-1.092216,5.666976,0.448448
-1.731562,8.152764,11.629634
0.214331,7.148990,9.414803
-2.548687,9.249928,-0.023474
0.106236,7.771638,8.926039
3.105052,-0.725843,1.202477
2.001943,3.651150,3.260683
-1.505431,8.746300,9.719067
1.733371,-1.606941,0.398308
0.434251,5.055464,2.205774
-4.136417,7.174067,4.112162
-1.232497,4.408117,0.576142
-4.932049,5.681823,3.439012
0.973656,1.901199,1.381985
1.041888,-0.861806,-0.252633
-0.471678,10.067413,7.432179
-2.697226,6.229625,9.227917
-3.798853,8.530727,0.868851
-0.859739,4.808781,3.695911
-2.315216,-4.273011,6.651249
-3.524904,8.093784,9.401304
-2.579064,3.238382,4.236767
-0.581127,-2.278824,-1.826505
0.997270,7.875528,2.309092
0.127635,6.028979,-3.255971
-2.271283,0.162005,0.492147
1.006053,5.185805,7.975343
1.819252,-2.328876,0.975541
0.094136,-2.357367,1.570554
-0.500972,-0.754571,3.119616
-4.420806,3.434692,-4.758224
2.690161,-1.511669,4.691612
-2.103674,6.130032,10.084560
-3.448197,7.026756,7.802664
1.247024,-4.832511,5.049736
-3.664918,4.938109,3.095349
-1.118684,9.725180,6.044333
1.963754,4.071579,-2.006101
-1.336095,5.866184,5.044237
-3.997845,9.475366,11.396125
0.515780,4.263168,-0.546605
4.073187,-2.813419,0.650697
0.860130,1.040006,4.113775
-5.054552,6.904476,0.385980
1.580248,5.520100,4.285192
-1.195238,4.733589,-1.809567
-2.127423,4.962377,11.444850
2.317411,2.888776,2.134801
1.154736,-1.811800,0.300355
3.242430,0.400179,0.735484
-5.367583,8.073916,-1.329824
-1.201833,8.398809,6.221700
-1.660522,3.562379,0.164036
-0.766608,1.666501,-1.792538
2.983619,-0.698721,1.903413
1.602405,2.595596,-3.050712
-2.548793,2.068175,2.204139
-0.968969,-1.595854,3.063238
-0.359155,7.667631,0.350096
1.295643,2.450560,5.152449
-4.416757,4.523287,1.092207
-2.402707,4.691959,9.217558
0.685721,2.790800,2.658296
2.088264,0.801400,2.453294
2.679007,-0.501070,-2.164595
-2.200705,4.410201,10.499160
-1.708951,6.432366,1.795244
1.662069,-1.116731,5.240950
-0.062834,0.345311,4.536243
-1.534490,-1.245560,1.430538
-0.557852,5.842319,-2.345644
2.352013,-1.604715,2.828683
-1.269190,-1.788145,5.719260
-2.098017,5.170869,13.054063
-1.720579,3.500672,1.118315
-0.076519,0.271031,3.939632
0.524331,7.724942,6.272598
0.795326,3.981341,2.735041
1.930679,-0.708314,2.079718
3.515001,-1.578501,5.208407
-0.156610,3.688405,2.593316
-3.729883,-3.212047,-0.167961
-3.878169,2.996130,1.184802
-1.220871,8.945387,2.289449
1.648217,5.088164,0.859972
-0.037813,5.534249,14.382154
-2.563572,7.892277,8.477132
-2.430242,6.309298,-2.445262
-4.048131,8.054845,0.068751
4.726123,-4.858816,6.171181
-2.118324,9.150824,1.793054
-3.158141,4.894657,11.294110
3.750297,3.449979,6.309821
-0.719208,7.443712,1.087563
0.148147,4.687766,1.427677
-0.976193,6.158838,10.396155
3.548238,1.289791,3.408189
-1.059814,4.148078,2.820732
2.026106,6.838611,3.054264
0.341184,1.038941,1.920999
-2.522913,6.625375,0.471412
-1.056127,-2.706064,-1.439981
1.780249,8.070089,-0.640251
-3.350116,-0.607734,3.477998
5.023214,5.314561,2.773766
0.719786,3.760244,2.489627
-0.649716,4.852820,0.273437
-5.544493,5.769130,9.477927
4.863512,3.476549,0.560358
2.372908,6.261395,8.103713
-1.841119,-3.059559,5.480905
-0.344947,4.723486,-0.425982
2.435205,-2.369559,1.979261
-4.911687,7.413367,4.499726
2.425906,7.852570,7.239223
0.131640,4.513215,2.511374
1.080161,5.761968,2.313233
0.420714,8.545709,1.828549
4.218879,-4.360111,-2.686523
-0.998303,3.501318,0.455103
0.038542,-0.099095,2.453868
-1.202595,7.413516,0.890249
-0.834674,-0.916263,4.966212
2.533619,-2.084733,5.781018
2.862362,-1.175567,0.916643
-2.499063,5.946142,1.070682
0.907786,6.496481,1.586836
-3.318090,7.405863,-0.530792
-0.081786,-2.085497,5.433371
2.623698,-2.706300,2.372817
-3.485308,8.379681,8.345846
-2.330975,8.018504,11.380135
0.313219,4.817150,1.634776
-0.028380,-0.632856,3.129322
0.925161,-5.216306,2.195656
-2.985323,3.607963,2.367965
0.020715,-2.267232,0.999371
-3.781734,3.046962,2.055309
-2.957103,4.527668,-1.404553
-5.240210,6.063018,9.707789
4.161812,3.786642,2.671930
2.081843,8.660005,10.348049
2.118447,-0.954879,4.875017
1.079420,6.038341,0.358626
1.374598,7.798602,8.626678
-2.064810,4.751144,-1.152706
-3.370884,3.987615,-1.420659
-4.986217,4.546158,4.395665
-2.516226,8.198705,-2.563411
1.455436,3.564185,4.000339
-4.553034,10.605744,-1.779990
1.427433,7.082078,6.083388
4.822154,7.264817,5.790385
2.875112,4.478890,-0.395604
-3.321990,8.660657,10.326039
-0.360552,5.088821,-2.394573
3.555946,-1.623593,1.701680
3.525973,-2.385323,5.668333
-1.843385,7.845801,-1.301383
0.051403,8.705038,8.863334
-2.557229,5.765869,7.718960
-2.354980,-1.796549,1.749695
1.739103,4.438772,2.087944
-0.146679,9.026306,10.162962
-1.348471,8.698728,10.427124
1.518793,-2.540977,-1.103682
-2.651826,-2.473626,2.510741
0.814382,7.962441,8.830474
0.039552,4.953476,7.662658
-0.872592,8.035617,-0.106838
2.113649,-3.206169,0.181392
-1.234533,10.083903,13.863018
2.509596,5.016373,-1.481809
1.503686,-0.059714,6.941611
0.797498,-3.214135,4.217966
-0.336657,-1.365322,6.288850
1.781509,11.044113,9.689394
-5.174977,3.962482,0.184784
-1.692247,1.610352,3.442814
1.333470,-2.846327,3.865898
-0.330228,4.661297,-0.805547
-1.349179,3.478416,-0.104260
3.631835,4.101224,0.448985
-0.343365,7.147042,2.356926
-2.489239,7.478247,0.236398
-4.048506,6.706875,3.720824
1.729121,2.104986,2.651744
-4.010456,5.994645,8.952683
2.256533,1.069875,2.006615
1.730023,3.212363,-1.713904
-0.564084,-4.810310,3.469215
2.977836,-1.197616,4.688257
-0.067013,4.157548,-0.539492
-1.956579,5.345917,0.903692
4.156215,-1.248776,1.202542
-5.267904,6.987458,0.708510
-1.560052,6.357122,9.155803
0.699647,-3.628212,2.305977
-3.275606,-1.446761,2.262372
5.606821,9.044824,12.609877
-1.410740,5.036167,0.429532
0.852164,6.822122,3.463490
-1.833444,11.230153,8.140049
-0.519106,-1.558462,1.934422
-1.943425,14.448609,6.252856
-4.553927,10.129231,3.630512
-1.391491,-1.014557,3.267907
-2.990654,5.656417,-0.576894
0.570121,7.996900,7.199197
-1.227391,8.577161,2.119669
-0.402829,3.392722,2.090226
-2.027219,5.389955,3.187445
-1.865826,-1.751792,4.713611
0.244542,-1.543324,1.872643
0.958757,-1.600671,5.457412
-5.268901,7.775145,-1.373186
0.083580,6.011661,4.997510
-0.628352,7.611334,-1.644748
-1.380486,6.990463,8.769942
-3.229187,3.046756,1.638676
-3.116686,5.516042,2.893779
-4.395328,5.105631,0.144150
0.566154,6.144577,8.220769
-2.284127,5.229352,0.240671
0.750696,2.902672,0.438721
0.412779,9.397795,7.521892
-3.688490,5.952369,9.782686
-0.588464,5.554025,0.428076
-2.083115,6.928354,7.289998
-3.046482,9.510556,13.195017
0.097891,4.666464,1.049634
-1.633064,5.410429,9.112058
0.100630,3.307722,5.914332
-1.150652,5.250380,4.573151
0.519974,9.560875,7.978179
0.294885,1.777442,-3.499451
-0.701523,1.496375,6.330819
1.897899,6.151380,1.790131
0.785465,-0.450030,3.884566
-0.037363,3.111159,1.950133
2.896366,3.470789,1.501622
-1.354532,3.936316,7.353044
1.720332,-2.493403,2.923025
-1.881600,3.196745,-0.053910
-1.899310,7.986901,-2.220814
-2.486386,6.732839,0.315295
-0.941638,3.758967,3.998128
1.493703,4.854989,4.925366
-3.481145,7.335466,-0.950906
0.047595,6.347368,0.950186
-2.159765,2.366779,-2.703304
-1.037393,7.666941,0.470694
-0.098897,4.502197,5.207865
-0.827323,-0.281866,1.655498
-3.746154,7.174984,7.603641
-1.272771,10.230726,1.470565
1.890894,0.497362,2.829603
0.805345,4.885139,11.294643
1.731788,4.783522,2.373185
-1.916382,9.650777,7.599713
5.742560,6.192746,0.229623
-1.627092,6.220352,7.788951
4.020223,-3.407444,1.597997
3.571962,-0.424560,2.095936
-0.186168,3.942706,2.667114
0.497512,6.503107,3.365795
1.687234,5.932827,2.173119
3.809280,-1.415920,5.887733
0.126943,2.643858,4.877612
-1.958422,6.332322,9.892662
-0.753795,6.108950,-0.992463
-6.115370,6.970617,5.770889
-0.023330,4.632671,0.843773
-3.618358,6.207248,0.017269
-0.916900,5.895273,2.107902
-0.934830,4.564148,1.785252
-2.630295,3.424449,10.168995
0.953188,-2.377988,5.761833
3.893094,-0.396370,-0.681660
-2.216677,7.179624,6.617246
0.324931,5.244654,2.678162
0.047825,7.071384,8.332096
2.714197,4.857531,0.113058
-2.033237,8.041148,0.197801
2.044672,4.939558,2.924883
-3.865834,1.095254,0.056779
0.034421,9.503162,9.329595
-1.321291,-2.621940,4.249817
-0.028867,6.205148,1.894820
-2.113910,8.585397,10.262146
-4.061175,7.485813,10.633143
-2.666390,2.650069,1.118720
-1.719581,2.780641,6.077781
-2.313131,7.279580,12.000740
2.115588,-4.709800,2.924327
-1.173832,0.828755,-1.692451
1.791751,8.879627,8.259135
-0.298604,3.509244,1.789506
3.678732,-4.809601,2.607811
-2.000803,5.801209,0.859764
3.694788,-2.322728,4.483040
0.507593,10.043008,8.852840
2.487751,3.225522,0.555887
-1.099626,5.278279,0.024405
0.620644,4.805784,4.164783
0.474787,-1.556914,2.691059
3.506426,4.726781,0.645425
-4.841305,5.808433,1.978613
-0.399405,1.875633,1.173422
3.057526,0.661430,0.729400
-2.678011,5.857121,-1.273027
-0.297815,5.173083,3.294662
1.025456,-4.741544,0.985975
-1.306845,7.250783,8.886181
-0.647880,0.237209,0.412696
-2.675542,8.253271,0.706014
-3.249777,4.643905,9.012809
-4.329372,8.463511,10.019007
-0.339632,5.240558,5.527026
2.360767,-0.887604,2.098173
-2.989250,-0.510306,4.084618
2.033678,-1.361682,1.274813
-2.002785,9.199799,12.404487
-2.940828,1.410945,1.150567
-1.092084,7.619479,2.330128
2.835152,-2.987618,1.393159
4.461608,3.858576,0.229109
1.107478,-1.259078,1.692631
-0.972591,-0.763256,3.714474
-1.034951,10.873467,10.840744
1.972662,8.963881,9.068381
-4.123983,8.608864,2.572685
0.878349,-5.121233,1.313376
1.643619,7.291945,1.644951
-1.038501,-0.572768,2.205979
-2.247815,7.381536,0.839862
-1.324070,7.520849,9.825735
2.071231,2.676198,-0.842968
-3.561211,6.811882,0.361975
-0.899490,5.170003,1.243384
1.284091,1.067780,4.920544
-1.044136,12.931685,8.401407
2.210043,4.321043,3.109276
1.266026,-2.210260,2.966464
-4.955958,7.967046,1.335619
-7.261253,7.741128,10.937011
0.960199,-1.711128,5.628768
0.392242,-3.264629,4.230664
-1.217962,10.118756,11.821565
4.212379,2.654969,2.900428
-0.875565,-1.821611,5.037495
-0.547234,6.762246,1.813220
1.286165,5.060112,0.279696
-4.030398,3.870701,-2.148257
2.133313,5.003096,0.526980
-2.730367,7.955478,11.554232
-1.936347,6.790303,8.658992
0.376411,8.928004,7.077059
-0.237655,6.511411,7.779423
1.844245,-0.019173,1.141506
3.527939,-2.173819,3.313539
0.366343,6.361658,1.910694
1.181277,2.139967,3.629289
0.579472,4.492172,-0.239954
2.215268,-2.720738,2.471964
-1.217284,-2.638874,2.971359
-0.676607,4.106882,0.728311
3.176839,6.899831,7.447716
1.389651,5.365872,2.533559
2.661665,9.093451,0.379809
-3.806082,2.760661,-0.546611
1.393076,-3.563463,1.608742
-4.030863,7.283394,1.789695
-5.693747,5.533303,-0.864230
-2.435980,6.309228,12.310221
-0.302676,6.781277,8.200715
0.467290,5.382253,-2.299810
0.729217,-0.687856,4.766750
-1.596269,11.549665,10.102604
3.629042,2.914652,1.755998
1.422377,7.008910,10.123061
2.796628,4.938224,3.627923
-0.250087,8.447867,10.000651
-2.272925,6.953596,2.339973
5.240577,6.176679,1.985077
1.457845,4.882028,2.881009
-2.554492,1.915270,2.699301
3.210303,1.671973,1.132098
2.788359,2.581336,5.875397
0.212252,3.855269,1.450768
-1.229542,4.100393,2.093826
-2.598360,2.151557,-0.085255
1.343380,0.425171,-0.195986
-3.901799,7.187318,2.692327
-0.851661,-2.895707,1.495311
-0.555134,5.415361,2.075966
1.236732,5.407025,7.522946
5.244007,5.116618,1.668914
-6.369609,0.959572,0.280771
3.772063,4.414130,2.653222
-0.902606,7.005457,7.566998
-4.507199,5.328066,2.774445
-2.933245,7.486233,8.834767
-3.340276,6.394658,1.147227
-2.495458,2.784697,-0.298460
0.331554,10.040025,7.879109
-0.499980,10.455989,8.737760
0.100121,1.798197,3.610248
3.634396,2.668801,-0.747427
-1.507287,-0.694705,2.516067
-1.362818,4.938526,6.127662
1.096059,3.878741,0.531038
-0.829048,-3.598115,3.201217
1.770941,-1.141446,4.310760
-2.156894,8.291505,-0.822039
0.887079,4.693927,-1.507858
5.203903,-0.590294,3.143358
0.145046,7.421511,8.146636
2.858105,5.114195,3.051372
-3.781514,7.425982,0.225021
0.691238,-3.629685,3.411180
-2.073256,3.419168,-0.512989
-0.292006,7.649214,5.080140
-4.521621,6.305742,1.361837
-2.465920,5.267681,-1.821138
-1.440528,0.680104,1.767370
-3.540651,3.016719,-1.384305
3.828588,6.176046,3.412028
-3.441317,6.030073,0.455928
-4.458730,5.676126,-0.477094
-1.504658,3.668513,1.341596
2.651117,-5.180727,2.111506
1.820601,-1.619866,2.050774
1.094999,-1.132542,5.035937
-2.681144,6.822913,8.294290
-2.381107,4.733719,2.249706
1.239418,1.492667,1.355703
-0.317077,6.091143,11.626829
-5.016903,6.665002,2.971638
2.212199,-2.821011,3.260369
2.664996,2.303357,-1.034275
-1.108978,4.913593,-1.946140
-0.708790,6.133223,-0.893013
-4.688403,7.352492,1.683858
-2.007588,4.165465,1.923639
-5.091562,0.234971,6.534146
-0.152332,6.237323,3.071403
-2.852472,4.804104,2.736332
1.883834,0.644307,2.129279
-3.630403,7.103070,0.767904
2.750873,2.074022,0.527675
-1.362214,7.043089,10.775306
2.649055,-4.257230,6.812080
1.122779,-2.837994,3.052916
-0.718175,10.094907,9.971262
-1.832476,6.931604,2.847695
-3.514373,5.431804,-0.513837
2.203738,-1.903802,0.566212
0.092528,5.726568,7.541988
-3.910058,8.147746,8.159676
-0.001092,7.260741,3.217852
2.267591,7.895092,3.679340
-4.070901,5.638824,-2.787104
-2.667298,9.323060,10.457553
-0.597858,2.648683,9.467757
0.524282,-3.814187,5.206989
0.375313,3.593730,-1.729456
0.430726,7.487600,3.651919
-1.509807,-0.692817,4.293645
-1.055297,5.485820,9.028670
2.777923,5.235112,-1.017220
0.924143,-1.770794,3.596001
-2.144821,7.071990,8.967666
-4.577652,8.696218,9.188051
2.774834,-3.565406,3.943007
-3.117822,3.209056,8.640972
0.589519,0.860319,2.721560
0.267820,6.667778,7.225852
0.891756,2.391897,1.363304
0.385198,0.188420,2.696701
-0.788568,6.560975,3.047269
-2.386166,2.525845,2.539503
-4.618526,6.039021,0.040071
1.222509,7.347852,8.894164
0.330486,3.856817,-0.284708
-4.066625,6.265891,8.933011