0.000	Inf
0.003	Inf
0.003	Inf
0.003	Inf
0.003	Inf
0.003	Inf
0.003	Inf
0.003	Inf
0.003	Inf
0.003	Inf
0.003	Inf
0.003	Inf
0.003	Inf
0.003	Inf
0.003	Inf
0.003	Inf
0.003	Inf
0.003	Inf
0.003	Inf
0.003	Inf
0.003	Inf
0.003	Inf
0.003	Inf
0.003	Inf
0.003	Inf
0.003	Inf
0.003	Inf
0.003	Inf
0.003	Inf
0.003	Inf
0.003	Inf
0.003	Inf
0.003	Inf
0.003	Inf
0.003	Inf
0.003	Inf
0.003	Inf
0.003	Inf
0.003	Inf
0.003	Inf
0.003	Inf
0.003	Inf
0.003	Inf
0.003	Inf
0.003	Inf
0.003	Inf
0.004	Inf
0.004	Inf
0.004	Inf
0.005	Inf
0.005	Inf
0.005	Inf
0.005	Inf
0.005	Inf
0.005	Inf
0.005	Inf
0.005	Inf
0.005	Inf
0.005	Inf
0.005	Inf
0.005	Inf
0.005	Inf
0.005	Inf
0.005	Inf
0.005	Inf
0.005	Inf
0.005	Inf
0.005	Inf
0.005	Inf
0.006	Inf
0.006	Inf
0.006	Inf
0.006	Inf
0.006	Inf
0.006	Inf
0.006	Inf
0.006	Inf
0.006	Inf
0.006	Inf
0.007	Inf
0.007	Inf
0.007	Inf
0.007	Inf
0.007	Inf
0.007	Inf
0.007	Inf
0.007	Inf
0.008	Inf
0.008	Inf
0.008	Inf
0.008	Inf
0.008	Inf
0.008	Inf
0.008	Inf
0.008	Inf
0.008	Inf
0.009	Inf
0.009	Inf
0.009	Inf
0.009	Inf
0.009	Inf
0.009	Inf
0.010	Inf
0.010	Inf
0.010	Inf
0.010	Inf
0.010	Inf
0.010	Inf
0.010	Inf
0.011	Inf
0.011	Inf
0.011	Inf
0.011	Inf
0.011	Inf
0.011	Inf
0.011	Inf
0.011	Inf
0.012	Inf
0.012	Inf
0.012	Inf
0.012	Inf
0.012	Inf
0.013	Inf
0.013	Inf
0.013	Inf
0.013	Inf
0.013	Inf
0.014	Inf
0.015	Inf
0.015	Inf
0.015	Inf
0.015	Inf
0.015	Inf
0.016	Inf
0.016	Inf
0.018	Inf
0.019	Inf
0.019	Inf
0.020	Inf
0.020	Inf
0.021	Inf
0.021	Inf
0.021	Inf
0.022	Inf
0.023	Inf
0.023	Inf
0.023	Inf
0.023	Inf
0.024	Inf
0.024	Inf
0.024	Inf
0.025	Inf
0.025	Inf
0.025	Inf
0.025	Inf
0.025	Inf
0.027	Inf
0.028	Inf
0.029	Inf
0.029	Inf
0.029	Inf
0.030	Inf
0.031	Inf
0.032	Inf
0.032	Inf
0.034	Inf
0.038	Inf
0.038	Inf
0.039	Inf
0.039	Inf
0.039	Inf
0.039	Inf
0.040	Inf
0.040	Inf
0.041	Inf
0.041	Inf
0.042	Inf
0.042	Inf
0.043	Inf
0.043	Inf
0.043	Inf
0.047	Inf
0.050	Inf
0.050	Inf
0.053	Inf
0.054	Inf
0.057	Inf
0.059	Inf
0.059	Inf
0.059	Inf
0.061	Inf
0.063	Inf
0.064	Inf
0.064	Inf
0.065	Inf
0.067	Inf
0.070	Inf
0.071	Inf
0.071	Inf
0.073	Inf
0.075	Inf
0.078	Inf
0.079	Inf
0.091	Inf
0.091	Inf
0.092	313.177
0.093	312.972
0.095	312.864
0.098	312.765
0.101	312.458
0.102	311.770
0.103	311.625
0.104	311.409
0.108	311.389
0.109	311.089
0.110	310.728
0.111	310.465
0.118	310.179
0.118	310.178
0.124	309.833
0.125	309.830
0.126	309.776
0.129	309.492
0.132	309.420
0.135	309.259
0.135	309.217
0.137	309.128
0.140	308.751
0.142	308.451
0.142	308.281
0.143	307.886
0.143	307.761
0.145	306.994
0.145	306.731
0.145	306.317
0.145	306.035
0.145	305.790
0.145	305.438
0.146	305.226
0.146	304.830
0.147	304.619
0.147	304.619
0.147	304.358
0.147	304.015
0.148	303.818
0.148	303.757
0.148	303.536
0.148	303.106
0.148	302.959
0.148	302.332
0.148	302.317
0.149	302.128
0.149	301.824
0.149	301.819
0.150	301.371
0.150	301.326
0.150	301.003
0.150	300.639
0.150	300.483
0.152	300.473
0.153	300.185
0.153	300.109
0.153	299.883
0.153	299.568
0.153	299.559
0.153	299.529
0.153	299.048
0.153	298.940
0.153	298.473
0.153	298.349
0.154	298.244
0.154	297.782
0.155	296.891
0.155	296.761
0.155	296.296
0.156	296.000
0.156	295.969
0.156	295.590
0.156	295.554
0.156	295.340
0.156	295.011
0.156	295.003
0.158	294.941
0.158	294.828
0.159	294.551
0.159	294.468
0.159	294.182
0.159	293.854
0.159	293.742
0.161	293.241
0.161	293.192
0.161	293.156
0.161	292.977
0.162	292.835
0.162	292.753
0.164	292.460
0.164	292.438
0.164	292.372
0.165	292.151
0.165	291.950
0.165	291.912
0.165	291.845
0.165	291.825
0.167	291.758
0.167	290.917
0.167	290.917
0.167	290.262
0.170	289.972
0.171	289.956
0.172	289.837
0.173	289.733
0.173	289.680
0.173	289.676
0.173	289.532
0.174	289.447
0.174	289.423
0.175	289.398
0.176	289.374
0.176	289.014
0.177	288.761
0.179	288.734
0.180	288.576
0.185	288.445
0.187	287.930
0.188	287.785
0.190	287.708
0.190	287.623
0.190	287.225
0.191	287.174
0.191	286.914
0.193	286.727
0.193	286.683
0.194	286.660
0.196	286.558
0.196	286.410
0.196	286.397
0.196	286.319
0.197	286.171
0.199	286.033
0.199	285.993
0.200	285.847
0.202	285.495
0.202	285.111
0.202	284.961
0.205	284.874
0.205	284.827
0.205	284.737
0.206	284.695
0.211	284.608
0.213	284.596
0.213	284.559
0.213	284.134
0.213	284.114
0.215	284.001
0.215	283.918
0.215	283.897
0.215	283.894
0.216	283.878
0.216	283.742
0.217	283.587
0.219	283.502
0.220	283.412
0.226	283.375
0.230	283.331
0.230	283.296
0.231	283.267
0.231	283.014
0.234	282.977
0.238	282.806
0.239	282.795
0.239	282.694
0.239	282.667
0.240	282.424
0.240	282.397
0.243	282.361
0.244	282.276
0.244	282.177
0.244	282.164
0.247	282.102
0.250	282.043
0.251	282.013
0.251	281.981
0.251	281.955
0.252	281.876
0.253	281.854
0.255	281.820
0.255	281.816
0.255	281.788
0.256	281.705
0.256	281.697
0.256	281.682
0.256	281.590
0.257	281.564
0.258	281.542
0.258	281.504
0.259	281.496
0.259	281.361
0.259	281.353
0.259	281.318
0.260	281.257
0.262	281.251
0.262	281.216
0.264	281.205
0.264	281.189
0.264	281.104
0.264	281.100
0.264	281.093
0.265	281.040
0.265	280.978
0.265	280.976
0.265	280.943
0.265	280.922
0.266	280.903
0.267	280.855
0.267	280.844
0.268	280.774
0.268	280.771
0.268	280.738
0.268	280.708
0.268	280.660
0.268	280.603
0.270	280.533
0.270	280.495
0.270	280.481
0.271	280.467
0.271	280.420
0.271	280.337
0.271	280.327
0.271	280.302
0.271	280.276
0.272	280.169
0.272	280.167
0.272	280.165
0.274	280.150
0.275	280.140
0.275	280.140
0.276	280.129
0.277	280.106
0.279	280.082
0.279	280.080
0.280	280.069
0.280	280.010
0.280	279.957
0.281	279.956
0.281	279.949
0.282	279.893
0.282	279.887
0.283	279.872
0.283	279.848
0.283	279.837
0.283	279.821
0.283	279.734
0.285	279.717
0.288	279.709
0.288	279.678
0.289	279.673
0.289	279.666
0.289	279.661
0.289	279.660
0.291	279.652
0.291	279.649
0.292	279.549
0.292	279.532
0.294	279.502
0.296	279.495
0.297	279.484
0.299	279.469
0.300	279.430
0.301	279.424
0.301	279.416
0.312	279.412
0.312	279.400
0.313	279.398
0.316	279.383
0.317	279.371
0.318	279.367
0.319	279.363
0.319	279.359
0.323	279.352
0.323	279.344
0.325	279.337
0.325	279.331
0.326	279.325
0.328	279.319
0.329	279.318
0.330	279.314
0.331	279.307
0.333	279.073
0.336	279.067
0.337	279.061
0.338	279.060
0.340	279.054
0.340	279.048
0.340	279.038
0.340	279.036
0.342	279.034
0.348	279.032
0.352	279.028
0.352	279.013
0.354	279.007
0.362	279.006
0.369	278.961
0.376	278.953
0.382	278.947
0.384	278.945
0.389	278.943
0.404	278.937
0.436	278.936
0.444	278.935
0.522	278.931
0.528	278.923
0.530	278.918
0.535	278.916
0.535	278.910
0.548	278.909
0.559	278.903
0.564	278.901
0.572	278.900
0.573	278.898
0.600	278.896
0.614	278.894
0.649	278.894
0.681	278.892
0.702	278.881
0.716	278.880
0.719	278.880
0.725	278.874
0.726	278.873
0.983	278.860
0.984	278.859
0.987	278.849
1.010	278.848
1.162	278.847
1.231	278.846
1.355	278.843
1.432	278.842
1.486	278.842
1.493	278.839
1.500	278.838
1.660	278.837
1.718	278.836
1.732	278.834
1.759	278.833
1.762	278.830
1.794	278.828
1.822	278.827
1.989	278.826
1.989	278.810
2.006	278.810
2.010	278.808
2.039	278.808
2.057	278.804
2.093	278.803
2.148	278.802
2.191	278.796
2.221	278.796
2.283	278.795
2.336	278.795
2.458	278.794
2.576	278.793
2.705	278.793
2.712	278.792
2.745	278.791
2.899	278.783
2.912	278.780
3.016	278.780
3.031	278.779
3.229	278.779
3.233	278.779
3.302	278.778
3.310	278.777
3.658	278.776
3.685	278.769
3.693	278.767
3.779	278.765
3.826	278.764
3.840	278.764
3.877	278.762
3.942	278.761
4.199	278.760
4.217	278.759
4.250	278.755
4.297	278.755
4.399	278.754
4.414	278.754
4.605	278.754
4.713	278.753
4.724	278.747
4.729	278.747
4.772	278.746
4.886	278.744
4.903	278.744
4.925	278.743
4.961	278.740
4.989	278.733
5.008	278.724
5.058	278.722
5.224	278.721
5.271	278.720
5.315	278.718
5.365	278.718
5.451	278.715
5.664	278.714
5.701	278.711
5.706	278.697
6.091	278.692
6.249	278.692
6.485	278.690
6.499	278.688
6.678	278.688
6.899	278.683
6.906	278.678
6.930	278.673
7.021	278.673
7.218	278.673
7.388	278.669
7.525	278.657
7.546	278.654
7.665	278.650
7.714	278.646
7.716	278.645
7.759	278.645
7.786	278.640
8.344	278.640
8.684	278.635
9.224	278.635
9.285	278.630
9.344	278.627
9.361	278.627
9.510	278.619
9.600	278.617
9.728	278.612
9.766	278.610
9.811	278.609
9.939	278.603
1200.000	278.603
